## Detector setup file for new FPD
########################################################################
##
##	#FP	Energy	Time	Pos
Size: 	328 	0 	1 	1
#RawHits:
#
Multi-hit: 128
#
##	Scalers	Calib	Overlap	Micro	#trig	Toff	Tres
Misc:	1	1	0	0	0	0.0	0.0
##
Window:   -20. 20. -40. -20.
Window:   -20. 20.  20.  40.
##
## N.B. No QDC information supplied
##
## Section: 0, FPD Channels: 0 - 31  TDC Channels: 800 - 831
##
Element:   0 0.0 0.0 0.0 0.0    819M0 -400.0 800.0 -5998.510 0.1000 0 0 0  841.914 3.454 2871
Element:   1 0.0 0.0 0.0 0.0    802M0 -400.0 800.0 -5987.000 0.1000 0 0 0  838.555 3.467 2868
Element:   2 0.0 0.0 0.0 0.0    803M0 -400.0 800.0 -5994.139 0.1000 0 0 0  834.943 3.467 2870
Element:   3 0.0 0.0 0.0 0.0    818M0 -400.0 800.0 -5993.341 0.1000 0 0 0  831.561 3.479 2869
Element:   4 0.0 0.0 0.0 0.0    817M0 -400.0 800.0 -5982.450 0.1000 0 0 0  827.951 3.478 2867
Element:   5 0.0 0.0 0.0 0.0    800M0 -400.0 800.0 -5976.001 0.1000 0 0 0  824.545 3.489 2864
Element:   6 0.0 0.0 0.0 0.0    801M0 -400.0 800.0 -5974.820 0.1000 0 0 0  820.937 3.488 2866
Element:   7 0.0 0.0 0.0 0.0    816M0 -400.0 800.0 -5978.127 0.1000 0 0 0  817.510 3.498 2865
Element:   8 0.0 0.0 0.0 0.0    823M0 -400.0 800.0 -6002.147 0.1000 0 0 0  812.349 3.427 2879
Element:   9 0.0 0.0 0.0 0.0    806M0 -400.0 800.0 -5991.959 0.1000 0 0 0  809.011 3.437 2876
Element:  10 0.0 0.0 0.0 0.0    807M0 -400.0 800.0 -6009.632 0.1000 0 0 0  805.441 3.435 2878
Element:  11 0.0 0.0 0.0 0.0    822M0 -400.0 800.0 -6001.417 0.1000 0 0 0  802.084 3.443 2877
Element:  12 0.0 0.0 0.0 0.0    821M0 -400.0 800.0 -5997.202 0.1000 0 0 0  798.519 3.441 2875
Element:  13 0.0 0.0 0.0 0.0    804M0 -400.0 800.0 -5990.612 0.1000 0 0 0  795.145 3.450 2872
Element:  14 0.0 0.0 0.0 0.0    805M0 -400.0 800.0 -5985.214 0.1000 0 0 0  791.585 3.447 2874
Element:  15 0.0 0.0 0.0 0.0    820M0 -400.0 800.0 -5984.149 0.1000 0 0 0  788.196 3.454 2873
Element:  16 0.0 0.0 0.0 0.0    827M0 -400.0 800.0 -6005.258 0.1000 0 0 0  783.187 3.385 2887
Element:  17 0.0 0.0 0.0 0.0    810M0 -400.0 800.0 -5998.960 0.1000 0 0 0  779.883 3.392 2884
Element:  18 0.0 0.0 0.0 0.0    811M0 -400.0 800.0 -6011.542 0.1000 0 0 0  776.367 3.389 2886
Element:  19 0.0 0.0 0.0 0.0    826M0 -400.0 800.0 -6004.479 0.1000 0 0 0  773.050 3.394 2885
Element:  20 0.0 0.0 0.0 0.0    825M0 -400.0 800.0 -6005.144 0.1000 0 0 0  769.542 3.391 2883
Element:  21 0.0 0.0 0.0 0.0    808M0 -400.0 800.0 -6000.535 0.1000 0 0 0  766.213 3.396 2880
Element:  22 0.0 0.0 0.0 0.0    809M0 -400.0 800.0 -6000.173 0.1000 0 0 0  762.714 3.392 2882
Element:  23 0.0 0.0 0.0 0.0    824M0 -400.0 800.0 -6000.780 0.1000 0 0 0  759.375 3.397 2881
Element:  24 0.0 0.0 0.0 0.0    831M0 -400.0 800.0 -5999.220 0.1000 0 0 0  754.537 3.332 2895
Element:  25 0.0 0.0 0.0 0.0    814M0 -400.0 800.0 -5997.259 0.1000 0 0 0  751.278 3.336 2892
Element:  26 0.0 0.0 0.0 0.0    815M0 -400.0 800.0 -6009.749 0.1000 0 0 0  747.829 3.331 2894
Element:  27 0.0 0.0 0.0 0.0    830M0 -400.0 800.0 -6000.298 0.1000 0 0 0  744.563 3.335 2893
Element:  28 0.0 0.0 0.0 0.0    829M0 -400.0 800.0 -6008.895 0.1000 0 0 0  741.124 3.330 2891
Element:  29 0.0 0.0 0.0 0.0    812M0 -400.0 800.0 -6004.551 0.1000 0 0 0  737.851 3.332 2888
Element:  30 0.0 0.0 0.0 0.0    813M0 -400.0 800.0 -6004.955 0.1000 0 0 0  734.424 3.326 2890
Element:  31 0.0 0.0 0.0 0.0    828M0 -400.0 800.0 -6000.349 0.1000 0 0 0  731.146 3.328 2889
##
## Section: 1, FPD Channels: 32 - 63  TDC Channels: 832 - 863
##
Element:  32 0.0 0.0 0.0 0.0    851M0 -400.0 800.0 -5994.445 0.1000 0 0 0  726.494 3.268 2071
Element:  33 0.0 0.0 0.0 0.0    834M0 -400.0 800.0 -5984.624 0.1000 0 0 0  723.291 3.271 2068
Element:  34 0.0 0.0 0.0 0.0    835M0 -400.0 800.0 -5999.306 0.1000 0 0 0  719.917 3.264 2070
Element:  35 0.0 0.0 0.0 0.0    850M0 -400.0 800.0 -5994.127 0.1000 0 0 0  716.711 3.266 2069
Element:  36 0.0 0.0 0.0 0.0    849M0 -400.0 800.0 -5992.008 0.1000 0 0 0  713.350 3.258 2067
Element:  37 0.0 0.0 0.0 0.0    832M0 -400.0 800.0 -5984.728 0.1000 0 0 0  710.143 3.260 2064
Element:  38 0.0 0.0 0.0 0.0    833M0 -400.0 800.0 -5979.514 0.1000 0 0 0  706.796 3.252 2066
Element:  39 0.0 0.0 0.0 0.0    848M0 -400.0 800.0 -5989.335 0.1000 0 0 0  703.588 3.252 2065
Element:  40 0.0 0.0 0.0 0.0    855M0 -400.0 800.0 -6008.978 0.1000 0 0 0  699.127 3.198 2079
Element:  41 0.0 0.0 0.0 0.0    838M0 -400.0 800.0 -6008.731 0.1000 0 0 0  695.988 3.198 2076
Element:  42 0.0 0.0 0.0 0.0    839M0 -400.0 800.0 -6009.523 0.1000 0 0 0  692.697 3.190 2078
Element:  43 0.0 0.0 0.0 0.0    854M0 -400.0 800.0 -6012.628 0.1000 0 0 0  689.560 3.189 2077
Element:  44 0.0 0.0 0.0 0.0    853M0 -400.0 800.0 -5997.171 0.1000 0 0 0  686.283 3.182 2075
Element:  45 0.0 0.0 0.0 0.0    836M0 -400.0 800.0 -5998.902 0.1000 0 0 0  683.148 3.179 2072
Element:  46 0.0 0.0 0.0 0.0    837M0 -400.0 800.0 -5997.264 0.1000 0 0 0  679.888 3.171 2074
Element:  47 0.0 0.0 0.0 0.0    852M0 -400.0 800.0 -5977.554 0.1000 0 0 0  676.757 3.169 2073
Element:  48 0.0 0.0 0.0 0.0    859M0 -400.0 800.0 -6014.456 0.1000 0 0 0  672.491 3.121 2087
Element:  49 0.0 0.0 0.0 0.0    842M0 -400.0 800.0 -6011.595 0.1000 0 0 0  669.422 3.118 2084
Element:  50 0.0 0.0 0.0 0.0    843M0 -400.0 800.0 -6011.353 0.1000 0 0 0  666.218 3.110 2086
Element:  51 0.0 0.0 0.0 0.0    858M0 -400.0 800.0 -6011.858 0.1000 0 0 0  663.154 3.108 2085
Element:  52 0.0 0.0 0.0 0.0    857M0 -400.0 800.0 -6011.901 0.1000 0 0 0  659.967 3.100 2083
Element:  53 0.0 0.0 0.0 0.0    840M0 -400.0 800.0 -6015.383 0.1000 0 0 0  656.910 3.096 2080
Element:  54 0.0 0.0 0.0 0.0    841M0 -400.0 800.0 -6003.555 0.1000 0 0 0  653.740 3.086 2082
Element:  55 0.0 0.0 0.0 0.0    856M0 -400.0 800.0 -6007.446 0.1000 0 0 0  650.690 3.083 2081
Element:  56 0.0 0.0 0.0 0.0    863M0 -400.0 800.0 -6012.142 0.1000 0 0 0  646.620 3.040 2095
Element:  57 0.0 0.0 0.0 0.0    846M0 -400.0 800.0 -6018.929 0.1000 0 0 0  643.626 3.036 2092
Element:  58 0.0 0.0 0.0 0.0    847M0 -400.0 800.0 -6013.114 0.1000 0 0 0  640.511 3.028 2094
Element:  59 0.0 0.0 0.0 0.0    862M0 -400.0 800.0 -6018.163 0.1000 0 0 0  637.526 3.023 2093
Element:  60 0.0 0.0 0.0 0.0    861M0 -400.0 800.0 -6012.334 0.1000 0 0 0  634.430 3.014 2091
Element:  61 0.0 0.0 0.0 0.0    844M0 -400.0 800.0 -6011.475 0.1000 0 0 0  631.454 3.009 2088
Element:  62 0.0 0.0 0.0 0.0    845M0 -400.0 800.0 -6008.334 0.1000 0 0 0  628.377 3.000 2090
Element:  63 0.0 0.0 0.0 0.0    860M0 -400.0 800.0 -6006.827 0.1000 0 0 0  625.412 2.994 2089
##
## Section: 2, FPD Channels: 64 - 95  TDC Channels: 864 - 895
##
Element:  64 0.0 0.0 0.0 0.0    883M0 -400.0 800.0 -6015.151 0.1000 0 0 0  621.532 2.958 2583
Element:  65 0.0 0.0 0.0 0.0    866M0 -400.0 800.0 -6010.602 0.1000 0 0 0  618.615 2.952 2580
Element:  66 0.0 0.0 0.0 0.0    867M0 -400.0 800.0 -6013.295 0.1000 0 0 0  615.593 2.942 2582
Element:  67 0.0 0.0 0.0 0.0    882M0 -400.0 800.0 -6013.868 0.1000 0 0 0  612.687 2.937 2581
Element:  68 0.0 0.0 0.0 0.0    881M0 -400.0 800.0 -6010.041 0.1000 0 0 0  609.684 2.927 2579
Element:  69 0.0 0.0 0.0 0.0    864M0 -400.0 800.0 -6002.900 0.1000 0 0 0  606.792 2.920 2576
Element:  70 0.0 0.0 0.0 0.0    865M0 -400.0 800.0 -5996.692 0.1000 0 0 0  603.808 2.911 2578
Element:  71 0.0 0.0 0.0 0.0    880M0 -400.0 800.0 -6005.077 0.1000 0 0 0  600.929 2.904 2577
Element:  72 0.0 0.0 0.0 0.0    887M0 -400.0 800.0 -6025.328 0.1000 0 0 0  597.232 2.873 2591
Element:  73 0.0 0.0 0.0 0.0    870M0 -400.0 800.0 -6020.350 0.1000 0 0 0  594.394 2.866 2588
Element:  74 0.0 0.0 0.0 0.0    871M0 -400.0 800.0 -6025.880 0.1000 0 0 0  591.464 2.857 2590
Element:  75 0.0 0.0 0.0 0.0    886M0 -400.0 800.0 -6023.291 0.1000 0 0 0  588.640 2.849 2589
Element:  76 0.0 0.0 0.0 0.0    885M0 -400.0 800.0 -6020.640 0.1000 0 0 0  585.729 2.840 2587
Element:  77 0.0 0.0 0.0 0.0    868M0 -400.0 800.0 -6017.011 0.1000 0 0 0  582.920 2.832 2584
Element:  78 0.0 0.0 0.0 0.0    869M0 -400.0 800.0 -6016.744 0.1000 0 0 0  580.029 2.822 2586
Element:  79 0.0 0.0 0.0 0.0    884M0 -400.0 800.0 -6016.290 0.1000 0 0 0  577.237 2.814 2585
Element:  80 0.0 0.0 0.0 0.0    891M0 -400.0 800.0 -6031.723 0.1000 0 0 0  573.716 2.790 2599
Element:  81 0.0 0.0 0.0 0.0    874M0 -400.0 800.0 -6025.975 0.1000 0 0 0  570.959 2.781 2596
Element:  82 0.0 0.0 0.0 0.0    875M0 -400.0 800.0 -6038.044 0.1000 0 0 0  568.119 2.772 2598
Element:  83 0.0 0.0 0.0 0.0    890M0 -400.0 800.0 -6027.438 0.1000 0 0 0  565.377 2.764 2597
Element:  84 0.0 0.0 0.0 0.0    889M0 -400.0 800.0 -6032.738 0.1000 0 0 0  562.557 2.753 2595
Element:  85 0.0 0.0 0.0 0.0    872M0 -400.0 800.0 -6026.792 0.1000 0 0 0  559.832 2.745 2592
Element:  86 0.0 0.0 0.0 0.0    873M0 -400.0 800.0 -6024.925 0.1000 0 0 0  557.033 2.734 2594
Element:  87 0.0 0.0 0.0 0.0    888M0 -400.0 800.0 -6028.299 0.1000 0 0 0  554.326 2.726 2593
Element:  88 0.0 0.0 0.0 0.0    895M0 -400.0 800.0 -6021.761 0.1000 0 0 0  550.971 2.706 2607
Element:  89 0.0 0.0 0.0 0.0    878M0 -400.0 800.0 -6022.520 0.1000 0 0 0  548.292 2.697 2604
Element:  90 0.0 0.0 0.0 0.0    879M0 -400.0 800.0 -6034.531 0.1000 0 0 0  545.541 2.688 2606
Element:  91 0.0 0.0 0.0 0.0    894M0 -400.0 800.0 -6023.060 0.1000 0 0 0  542.880 2.678 2605
Element:  92 0.0 0.0 0.0 0.0    893M0 -400.0 800.0 -6028.602 0.1000 0 0 0  540.149 2.669 2603
Element:  93 0.0 0.0 0.0 0.0    876M0 -400.0 800.0 -6030.382 0.1000 0 0 0  537.507 2.659 2600
Element:  94 0.0 0.0 0.0 0.0    877M0 -400.0 800.0 -6028.404 0.1000 0 0 0  534.797 2.649 2602
Element:  95 0.0 0.0 0.0 0.0    892M0 -400.0 800.0 -6023.324 0.1000 0 0 0  532.174 2.639 2601
##
## Section: 3, FPD Channels: 96 - 119  TDC Channels: 896 - 927
##
Element:  96 0.0 0.0 0.0 0.0    915M0 -400.0 800.0 -6035.565 0.1000 0 0 0  528.975 2.625 2295
Element:  97 0.0 0.0 0.0 0.0    898M0 -400.0 800.0 -6026.667 0.1000 0 0 0  526.374 2.615 2292
Element:  98 0.0 0.0 0.0 0.0    899M0 -400.0 800.0 -6034.552 0.1000 0 0 0  523.710 2.605 2294
Element:  99 0.0 0.0 0.0 0.0    914M0 -400.0 800.0 -6037.951 0.1000 0 0 0  521.129 2.596 2293
Element: 100 0.0 0.0 0.0 0.0    913M0 -400.0 800.0 -6025.686 0.1000 0 0 0  518.484 2.585 2291
Element: 101 0.0 0.0 0.0 0.0    896M0 -400.0 800.0 -6022.569 0.1000 0 0 0  515.924 2.575 2288
Element: 102 0.0 0.0 0.0 0.0    897M0 -400.0 800.0 -6015.592 0.1000 0 0 0  513.300 2.565 2290
Element: 103 0.0 0.0 0.0 0.0    912M0 -400.0 800.0 -6027.625 0.1000 0 0 0  510.759 2.555 2289
Element: 104 0.0 0.0 0.0 0.0    919M0 -400.0 800.0 -6050.136 0.1000 0 0 0  507.708 2.546 2303
Element: 105 0.0 0.0 0.0 0.0    902M0 -400.0 800.0 -6048.530 0.1000 0 0 0  505.183 2.536 2300
Element: 106 0.0 0.0 0.0 0.0    903M0 -400.0 800.0 -6050.104 0.1000 0 0 0  502.603 2.526 2302
Element: 107 0.0 0.0 0.0 0.0    918M0 -400.0 800.0 -6049.433 0.1000 0 0 0  500.099 2.514 2301
Element: 108 0.0 0.0 0.0 0.0    917M0 -400.0 800.0 -6042.372 0.1000 0 0 0  497.540 2.505 2299
Element: 109 0.0 0.0 0.0 0.0    900M0 -400.0 800.0 -6034.955 0.1000 0 0 0  495.057 2.495 2296
Element: 110 0.0 0.0 0.0 0.0    901M0 -400.0 800.0 -6029.976 0.1000 0 0 0  492.518 2.484 2298
Element: 111 0.0 0.0 0.0 0.0    916M0 -400.0 800.0 -6040.211 0.1000 0 0 0  490.057 2.473 2297
Element: 112 0.0 0.0 0.0 0.0    923M0 -400.0 800.0 -6059.180 0.1000 0 0 0  487.145 2.469 2311
Element: 113 0.0 0.0 0.0 0.0    906M0 -400.0 800.0 -6056.940 0.1000 0 0 0  484.694 2.459 2308
Element: 114 0.0 0.0 0.0 0.0    907M0 -400.0 800.0 -6057.681 0.1000 0 0 0  482.196 2.448 2310
Element: 115 0.0 0.0 0.0 0.0    922M0 -400.0 800.0 -6058.816 0.1000 0 0 0  479.767 2.437 2309
Element: 116 0.0 0.0 0.0 0.0    921M0 -400.0 800.0 -6049.880 0.1000 0 0 0  477.288 2.427 2307
Element: 117 0.0 0.0 0.0 0.0    904M0 -400.0 800.0 -6048.262 0.1000 0 0 0  474.882 2.416 2304
Element: 118 0.0 0.0 0.0 0.0    905M0 -400.0 800.0 -6043.244 0.1000 0 0 0  472.424 2.406 2306
Element: 119 0.0 0.0 0.0 0.0    920M0 -400.0 800.0 -6045.335 0.1000 0 0 0  470.040 2.394 2305
## Last 8 TDC channels reserved for reference TDC and misc. applications
##
## Section: 4, FPD Channels: 120 - 151  TDC Channels: 928 - 959
##
Element: 120 0.0 0.0 0.0 0.0    947M0 -400.0 800.0 -6040.810 0.1000 0 0 0  467.260 2.394 2007
Element: 121 0.0 0.0 0.0 0.0    930M0 -400.0 800.0 -6030.319 0.1000 0 0 0  464.882 2.383 2004
Element: 122 0.0 0.0 0.0 0.0    931M0 -400.0 800.0 -6042.314 0.1000 0 0 0  462.461 2.373 2006
Element: 123 0.0 0.0 0.0 0.0    946M0 -400.0 800.0 -6038.422 0.1000 0 0 0  460.105 2.362 2005
Element: 124 0.0 0.0 0.0 0.0    945M0 -400.0 800.0 -6036.925 0.1000 0 0 0  457.705 2.353 2003
Element: 125 0.0 0.0 0.0 0.0    928M0 -400.0 800.0 -6031.242 0.1000 0 0 0  455.373 2.340 2000
Element: 126 0.0 0.0 0.0 0.0    929M0 -400.0 800.0 -6026.476 0.1000 0 0 0  452.992 2.330 2002
Element: 127 0.0 0.0 0.0 0.0    944M0 -400.0 800.0 -6034.330 0.1000 0 0 0  450.683 2.319 2001
Element: 128 0.0 0.0 0.0 0.0    951M0 -400.0 800.0 -6056.460 0.1000 0 0 0  448.026 2.322 2015
Element: 129 0.0 0.0 0.0 0.0    934M0 -400.0 800.0 -6046.852 0.1000 0 0 0  445.717 2.311 2012
Element: 130 0.0 0.0 0.0 0.0    935M0 -400.0 800.0 -6053.794 0.1000 0 0 0  443.372 2.301 2014
Element: 131 0.0 0.0 0.0 0.0    950M0 -400.0 800.0 -6053.059 0.1000 0 0 0  441.087 2.289 2013
Element: 132 0.0 0.0 0.0 0.0    949M0 -400.0 800.0 -6050.621 0.1000 0 0 0  438.761 2.280 2011
Element: 133 0.0 0.0 0.0 0.0    932M0 -400.0 800.0 -6043.023 0.1000 0 0 0  436.500 2.268 2008
Element: 134 0.0 0.0 0.0 0.0    933M0 -400.0 800.0 -6044.573 0.1000 0 0 0  434.193 2.258 2010
Element: 135 0.0 0.0 0.0 0.0    948M0 -400.0 800.0 -6041.750 0.1000 0 0 0  431.957 2.246 2009
Element: 136 0.0 0.0 0.0 0.0    955M0 -400.0 800.0 -6058.592 0.1000 0 0 0  429.414 2.254 2023
Element: 137 0.0 0.0 0.0 0.0    938M0 -400.0 800.0 -6048.450 0.1000 0 0 0  427.174 2.241 2020
Element: 138 0.0 0.0 0.0 0.0    939M0 -400.0 800.0 -6062.988 0.1000 0 0 0  424.900 2.232 2022
Element: 139 0.0 0.0 0.0 0.0    954M0 -400.0 800.0 -6056.378 0.1000 0 0 0  422.683 2.220 2021
Element: 140 0.0 0.0 0.0 0.0    953M0 -400.0 800.0 -6055.698 0.1000 0 0 0  420.429 2.210 2019
Element: 141 0.0 0.0 0.0 0.0    936M0 -400.0 800.0 -6052.524 0.1000 0 0 0  418.237 2.198 2016
Element: 142 0.0 0.0 0.0 0.0    937M0 -400.0 800.0 -6050.631 0.1000 0 0 0  416.002 2.188 2018
Element: 143 0.0 0.0 0.0 0.0    952M0 -400.0 800.0 -6051.126 0.1000 0 0 0  413.835 2.176 2017
Element: 144 0.0 0.0 0.0 0.0    959M0 -400.0 800.0 -6063.978 0.1000 0 0 0  411.401 2.187 2031
Element: 145 0.0 0.0 0.0 0.0    942M0 -400.0 800.0 -6060.656 0.1000 0 0 0  409.224 2.175 2028
Element: 146 0.0 0.0 0.0 0.0    943M0 -400.0 800.0 -6066.594 0.1000 0 0 0  407.021 2.166 2030
Element: 147 0.0 0.0 0.0 0.0    958M0 -400.0 800.0 -6060.236 0.1000 0 0 0  404.869 2.153 2029
Element: 148 0.0 0.0 0.0 0.0    957M0 -400.0 800.0 -6059.605 0.1000 0 0 0  402.684 2.144 2027
Element: 149 0.0 0.0 0.0 0.0    940M0 -400.0 800.0 -6058.774 0.1000 0 0 0  400.558 2.131 2024
Element: 150 0.0 0.0 0.0 0.0    941M0 -400.0 800.0 -6058.954 0.1000 0 0 0  398.392 2.122 2026
Element: 151 0.0 0.0 0.0 0.0    956M0 -400.0 800.0 -6056.381 0.1000 0 0 0  396.291 2.109 2025
##
## Section: 5, FPD Channels: 152 - 183  TDC Channels: 960 - 991
##
Element: 152 0.0 0.0 0.0 0.0    979M0 -400.0 800.0 -6050.119 0.1000 0 0 0  393.958 2.123 2359
Element: 153 0.0 0.0 0.0 0.0    962M0 -400.0 800.0 -6039.284 0.1000 0 0 0  391.844 2.111 2356
Element: 154 0.0 0.0 0.0 0.0    963M0 -400.0 800.0 -6047.842 0.1000 0 0 0  389.706 2.101 2358
Element: 155 0.0 0.0 0.0 0.0    978M0 -400.0 800.0 -6050.025 0.1000 0 0 0  387.618 2.089 2357
Element: 156 0.0 0.0 0.0 0.0    977M0 -400.0 800.0 -6045.626 0.1000 0 0 0  385.499 2.079 2355
Element: 157 0.0 0.0 0.0 0.0    960M0 -400.0 800.0 -6039.929 0.1000 0 0 0  383.437 2.067 2352
Element: 158 0.0 0.0 0.0 0.0    961M0 -400.0 800.0 -6034.260 0.1000 0 0 0  381.336 2.057 2354
Element: 159 0.0 0.0 0.0 0.0    976M0 -400.0 800.0 -6042.471 0.1000 0 0 0  379.300 2.045 2353
Element: 160 0.0 0.0 0.0 0.0    983M0 -400.0 800.0 -6060.992 0.1000 0 0 0  377.061 2.062 2367
Element: 161 0.0 0.0 0.0 0.0    966M0 -400.0 800.0 -6054.569 0.1000 0 0 0  375.008 2.049 2364
Element: 162 0.0 0.0 0.0 0.0    967M0 -400.0 800.0 -6063.990 0.1000 0 0 0  372.934 2.040 2366
Element: 163 0.0 0.0 0.0 0.0    982M0 -400.0 800.0 -6063.179 0.1000 0 0 0  370.907 2.026 2365
Element: 164 0.0 0.0 0.0 0.0    981M0 -400.0 800.0 -6062.019 0.1000 0 0 0  368.851 2.018 2363
Element: 165 0.0 0.0 0.0 0.0    964M0 -400.0 800.0 -6054.429 0.1000 0 0 0  366.850 2.004 2360
Element: 166 0.0 0.0 0.0 0.0    965M0 -400.0 800.0 -6046.461 0.1000 0 0 0  364.813 1.996 2362
Element: 167 0.0 0.0 0.0 0.0    980M0 -400.0 800.0 -6057.062 0.1000 0 0 0  362.838 1.983 2361
Element: 168 0.0 0.0 0.0 0.0    987M0 -400.0 800.0 -6072.379 0.1000 0 0 0  360.688 2.003 2375
Element: 169 0.0 0.0 0.0 0.0    970M0 -400.0 800.0 -6072.837 0.1000 0 0 0  358.693 1.989 2372
Element: 170 0.0 0.0 0.0 0.0    971M0 -400.0 800.0 -6067.372 0.1000 0 0 0  356.681 1.980 2374
Element: 171 0.0 0.0 0.0 0.0    986M0 -400.0 800.0 -6076.159 0.1000 0 0 0  354.713 1.967 2373
Element: 172 0.0 0.0 0.0 0.0    985M0 -400.0 800.0 -6064.796 0.1000 0 0 0  352.718 1.958 2371
Element: 173 0.0 0.0 0.0 0.0    968M0 -400.0 800.0 -6063.225 0.1000 0 0 0  350.776 1.946 2368
Element: 174 0.0 0.0 0.0 0.0    969M0 -400.0 800.0 -6058.103 0.1000 0 0 0  348.799 1.937 2370
Element: 175 0.0 0.0 0.0 0.0    984M0 -400.0 800.0 -6063.068 0.1000 0 0 0  346.885 1.923 2369
Element: 176 0.0 0.0 0.0 0.0    991M0 -400.0 800.0 -6064.470 0.1000 0 0 0  344.818 1.945 2383
Element: 177 0.0 0.0 0.0 0.0    974M0 -400.0 800.0 -6063.116 0.1000 0 0 0  342.879 1.932 2380
Element: 178 0.0 0.0 0.0 0.0    975M0 -400.0 800.0 -6074.590 0.1000 0 0 0  340.926 1.923 2382
Element: 179 0.0 0.0 0.0 0.0    990M0 -400.0 800.0 -6071.630 0.1000 0 0 0  339.015 1.910 2381
Element: 180 0.0 0.0 0.0 0.0    989M0 -400.0 800.0 -6067.480 0.1000 0 0 0  337.079 1.901 2379
Element: 181 0.0 0.0 0.0 0.0    972M0 -400.0 800.0 -6071.904 0.1000 0 0 0  335.195 1.888 2376
Element: 182 0.0 0.0 0.0 0.0    973M0 -400.0 800.0 -6065.680 0.1000 0 0 0  333.275 1.880 2378
Element: 183 0.0 0.0 0.0 0.0    988M0 -400.0 800.0 -6069.471 0.1000 0 0 0  331.418 1.866 2377
##
## Section: 6, FPD Channels: 184 - 215  TDC Channels: 992 - 1023
##
Element: 184 0.0 0.0 0.0 0.0   1011M0 -400.0 800.0 -6065.917 0.1000 0 0 0  329.431 1.890 2647
Element: 185 0.0 0.0 0.0 0.0    994M0 -400.0 800.0 -6057.926 0.1000 0 0 0  327.547 1.877 2644
Element: 186 0.0 0.0 0.0 0.0    995M0 -400.0 800.0 -6069.418 0.1000 0 0 0  325.650 1.868 2646
Element: 187 0.0 0.0 0.0 0.0   1010M0 -400.0 800.0 -6064.531 0.1000 0 0 0  323.794 1.855 2645
Element: 188 0.0 0.0 0.0 0.0   1009M0 -400.0 800.0 -6068.009 0.1000 0 0 0  321.914 1.846 2643
Element: 189 0.0 0.0 0.0 0.0    992M0 -400.0 800.0 -6063.502 0.1000 0 0 0  320.086 1.832 2640
Element: 190 0.0 0.0 0.0 0.0    993M0 -400.0 800.0 -6053.927 0.1000 0 0 0  318.222 1.824 2642
Element: 191 0.0 0.0 0.0 0.0   1008M0 -400.0 800.0 -6062.800 0.1000 0 0 0  316.422 1.810 2641
Element: 192 0.0 0.0 0.0 0.0   1015M0 -400.0 800.0 -6087.764 0.1000 0 0 0  314.508 1.837 2655
Element: 193 0.0 0.0 0.0 0.0    998M0 -400.0 800.0 -6082.363 0.1000 0 0 0  312.677 1.823 2652
Element: 194 0.0 0.0 0.0 0.0    999M0 -400.0 800.0 -6087.250 0.1000 0 0 0  310.836 1.814 2654
Element: 195 0.0 0.0 0.0 0.0   1014M0 -400.0 800.0 -6085.034 0.1000 0 0 0  309.033 1.801 2653
Element: 196 0.0 0.0 0.0 0.0   1013M0 -400.0 800.0 -6073.621 0.1000 0 0 0  307.208 1.793 2651
Element: 197 0.0 0.0 0.0 0.0    996M0 -400.0 800.0 -6068.597 0.1000 0 0 0  305.433 1.779 2648
Element: 198 0.0 0.0 0.0 0.0    997M0 -400.0 800.0 -6067.326 0.1000 0 0 0  303.624 1.771 2650
Element: 199 0.0 0.0 0.0 0.0   1012M0 -400.0 800.0 -6069.655 0.1000 0 0 0  301.877 1.757 2649
Element: 200 0.0 0.0 0.0 0.0   1019M0 -400.0 800.0 -6089.259 0.1000 0 0 0  300.033 1.785 2663
Element: 201 0.0 0.0 0.0 0.0   1002M0 -400.0 800.0 -6084.078 0.1000 0 0 0  298.254 1.770 2660
Element: 202 0.0 0.0 0.0 0.0   1003M0 -400.0 800.0 -6092.659 0.1000 0 0 0  296.465 1.763 2662
Element: 203 0.0 0.0 0.0 0.0   1018M0 -400.0 800.0 -6087.829 0.1000 0 0 0  294.715 1.748 2661
Element: 204 0.0 0.0 0.0 0.0   1017M0 -400.0 800.0 -6086.010 0.1000 0 0 0  292.942 1.741 2659
Element: 205 0.0 0.0 0.0 0.0   1000M0 -400.0 800.0 -6084.889 0.1000 0 0 0  291.220 1.727 2656
Element: 206 0.0 0.0 0.0 0.0   1001M0 -400.0 800.0 -6076.294 0.1000 0 0 0  289.463 1.719 2658
Element: 207 0.0 0.0 0.0 0.0   1016M0 -400.0 800.0 -6084.440 0.1000 0 0 0  287.769 1.705 2657
Element: 208 0.0 0.0 0.0 0.0   1023M0 -400.0 800.0 -6088.468 0.1000 0 0 0  285.992 1.735 2671
Element: 209 0.0 0.0 0.0 0.0   1006M0 -400.0 800.0 -6090.766 0.1000 0 0 0  284.263 1.721 2668
Element: 210 0.0 0.0 0.0 0.0   1007M0 -400.0 800.0 -6092.791 0.1000 0 0 0  282.526 1.713 2670
Element: 211 0.0 0.0 0.0 0.0   1022M0 -400.0 800.0 -6089.287 0.1000 0 0 0  280.826 1.698 2669
Element: 212 0.0 0.0 0.0 0.0   1021M0 -400.0 800.0 -6088.945 0.1000 0 0 0  279.104 1.691 2667
Element: 213 0.0 0.0 0.0 0.0   1004M0 -400.0 800.0 -6089.935 0.1000 0 0 0  277.433 1.677 2664
Element: 214 0.0 0.0 0.0 0.0   1005M0 -400.0 800.0 -6087.055 0.1000 0 0 0  275.726 1.669 2666
Element: 215 0.0 0.0 0.0 0.0   1020M0 -400.0 800.0 -6083.484 0.1000 0 0 0  274.084 1.655 2665
##
## Section: 7, FPD Channels: 216 - 239  TDC Channels: 1024 - 1055
##
Element: 216 0.0 0.0 0.0 0.0   1043M0 -400.0 800.0 -6089.333 0.1000 0 0 0  272.371 1.686 2039
Element: 217 0.0 0.0 0.0 0.0   1026M0 -400.0 800.0 -6083.362 0.1000 0 0 0  270.691 1.672 2036
Element: 218 0.0 0.0 0.0 0.0   1027M0 -400.0 800.0 -6076.835 0.1000 0 0 0  269.004 1.664 2038
Element: 219 0.0 0.0 0.0 0.0   1042M0 -400.0 800.0 -6090.388 0.1000 0 0 0  267.353 1.649 2037
Element: 220 0.0 0.0 0.0 0.0   1041M0 -400.0 800.0 -6077.534 0.1000 0 0 0  265.681 1.642 2035
Element: 221 0.0 0.0 0.0 0.0   1024M0 -400.0 800.0 -6074.660 0.1000 0 0 0  264.059 1.628 2032
Element: 222 0.0 0.0 0.0 0.0   1025M0 -400.0 800.0 -6070.982 0.1000 0 0 0  262.402 1.619 2034
Element: 223 0.0 0.0 0.0 0.0   1040M0 -400.0 800.0 -6077.668 0.1000 0 0 0  260.809 1.605 2033
Element: 224 0.0 0.0 0.0 0.0   1047M0 -400.0 800.0 -6094.518 0.1000 0 0 0  259.158 1.637 2047
Element: 225 0.0 0.0 0.0 0.0   1030M0 -400.0 800.0 -6093.502 0.1000 0 0 0  257.525 1.623 2044
Element: 226 0.0 0.0 0.0 0.0   1031M0 -400.0 800.0 -6103.575 0.1000 0 0 0  255.887 1.616 2046
Element: 227 0.0 0.0 0.0 0.0   1046M0 -400.0 800.0 -6098.888 0.1000 0 0 0  254.285 1.601 2045
Element: 228 0.0 0.0 0.0 0.0   1045M0 -400.0 800.0 -6089.420 0.1000 0 0 0  252.661 1.594 2043
Element: 229 0.0 0.0 0.0 0.0   1028M0 -400.0 800.0 -6086.846 0.1000 0 0 0  251.088 1.579 2040
Element: 230 0.0 0.0 0.0 0.0   1029M0 -400.0 800.0 -6079.784 0.1000 0 0 0  249.479 1.572 2042
Element: 231 0.0 0.0 0.0 0.0   1044M0 -400.0 800.0 -6086.054 0.1000 0 0 0  247.935 1.558 2041
Element: 232 0.0 0.0 0.0 0.0   1051M0 -400.0 800.0 -6112.897 0.1000 0 0 0  246.341 1.591 2055
Element: 233 0.0 0.0 0.0 0.0   1034M0 -400.0 800.0 -6110.944 0.1000 0 0 0  244.756 1.576 2052
Element: 234 0.0 0.0 0.0 0.0   1035M0 -400.0 800.0 -6113.618 0.1000 0 0 0  243.166 1.569 2054
Element: 235 0.0 0.0 0.0 0.0   1050M0 -400.0 800.0 -6111.805 0.1000 0 0 0  241.610 1.554 2053
Element: 236 0.0 0.0 0.0 0.0   1049M0 -400.0 800.0 -6101.626 0.1000 0 0 0  240.034 1.547 2051
Element: 237 0.0 0.0 0.0 0.0   1032M0 -400.0 800.0 -6100.042 0.1000 0 0 0  238.509 1.533 2048
Element: 238 0.0 0.0 0.0 0.0   1033M0 -400.0 800.0 -6096.676 0.1000 0 0 0  236.947 1.526 2050
Element: 239 0.0 0.0 0.0 0.0   1048M0 -400.0 800.0 -6098.642 0.1000 0 0 0  235.451 1.511 2049
## Last 8 TDC channels reserved for reference TDC and misc. applications
##
## Section: 8, FPD Channels: 240 - 271  TDC Channels: 1056 - 1087
##
Element: 240 0.0 0.0 0.0 0.0   1075M0 -400.0 800.0 -6112.370 0.1000 0 0 0  233.914 1.545 2327
Element: 241 0.0 0.0 0.0 0.0   1058M0 -400.0 800.0 -6102.197 0.1000 0 0 0  232.374 1.531 2324
Element: 242 0.0 0.0 0.0 0.0   1059M0 -400.0 800.0 -6112.767 0.1000 0 0 0  230.831 1.524 2326
Element: 243 0.0 0.0 0.0 0.0   1074M0 -400.0 800.0 -6110.585 0.1000 0 0 0  229.322 1.508 2325
Element: 244 0.0 0.0 0.0 0.0   1073M0 -400.0 800.0 -6106.453 0.1000 0 0 0  227.792 1.501 2323
Element: 245 0.0 0.0 0.0 0.0   1056M0 -400.0 800.0 -6103.360 0.1000 0 0 0  226.314 1.487 2320
Element: 246 0.0 0.0 0.0 0.0   1057M0 -400.0 800.0 -6095.783 0.1000 0 0 0  224.797 1.479 2322
Element: 247 0.0 0.0 0.0 0.0   1072M0 -400.0 800.0 -6106.359 0.1000 0 0 0  223.349 1.465 2321
Element: 248 0.0 0.0 0.0 0.0   1079M0 -400.0 800.0 -6131.301 0.1000 0 0 0  221.866 1.500 2335
Element: 249 0.0 0.0 0.0 0.0   1062M0 -400.0 800.0 -6126.338 0.1000 0 0 0  220.373 1.484 2332
Element: 250 0.0 0.0 0.0 0.0   1063M0 -400.0 800.0 -6129.544 0.1000 0 0 0  218.875 1.478 2334
Element: 251 0.0 0.0 0.0 0.0   1078M0 -400.0 800.0 -6127.866 0.1000 0 0 0  217.412 1.463 2333
Element: 252 0.0 0.0 0.0 0.0   1077M0 -400.0 800.0 -6117.015 0.1000 0 0 0  215.928 1.457 2331
Element: 253 0.0 0.0 0.0 0.0   1060M0 -400.0 800.0 -6110.730 0.1000 0 0 0  214.495 1.441 2328
Element: 254 0.0 0.0 0.0 0.0   1061M0 -400.0 800.0 -6110.919 0.1000 0 0 0  213.024 1.435 2330
Element: 255 0.0 0.0 0.0 0.0   1076M0 -400.0 800.0 -6103.922 0.1000 0 0 0  211.622 1.419 2329
Element: 256 0.0 0.0 0.0 0.0   1083M0 -400.0 800.0 -6132.241 0.1000 0 0 0  210.193 1.456 2343
Element: 257 0.0 0.0 0.0 0.0   1066M0 -400.0 800.0 -6126.159 0.1000 0 0 0  208.744 1.440 2340
Element: 258 0.0 0.0 0.0 0.0   1067M0 -400.0 800.0 -6129.658 0.1000 0 0 0  207.292 1.434 2342
Element: 259 0.0 0.0 0.0 0.0   1082M0 -400.0 800.0 -6118.279 0.1000 0 0 0  205.875 1.418 2341
Element: 260 0.0 0.0 0.0 0.0   1081M0 -400.0 800.0 -6129.926 0.1000 0 0 0  204.435 1.411 2339
Element: 261 0.0 0.0 0.0 0.0   1064M0 -400.0 800.0 -6125.298 0.1000 0 0 0  203.048 1.396 2336
Element: 262 0.0 0.0 0.0 0.0   1065M0 -400.0 800.0 -6130.448 0.1000 0 0 0  201.623 1.390 2338
Element: 263 0.0 0.0 0.0 0.0   1080M0 -400.0 800.0 -6125.401 0.1000 0 0 0  200.267 1.375 2337
Element: 264 0.0 0.0 0.0 0.0   1087M0 -400.0 800.0 -6127.799 0.1000 0 0 0  198.888 1.411 2351
Element: 265 0.0 0.0 0.0 0.0   1070M0 -400.0 800.0 -6123.519 0.1000 0 0 0  197.483 1.397 2348
Element: 266 0.0 0.0 0.0 0.0   1071M0 -400.0 800.0 -6129.407 0.1000 0 0 0  196.076 1.391 2350
Element: 267 0.0 0.0 0.0 0.0   1086M0 -400.0 800.0 -6125.653 0.1000 0 0 0  194.703 1.374 2349
Element: 268 0.0 0.0 0.0 0.0   1085M0 -400.0 800.0 -6128.444 0.1000 0 0 0  193.308 1.368 2347
Element: 269 0.0 0.0 0.0 0.0   1068M0 -400.0 800.0 -6126.538 0.1000 0 0 0  191.967 1.352 2344
Element: 270 0.0 0.0 0.0 0.0   1069M0 -400.0 800.0 -6131.064 0.1000 0 0 0  190.583 1.346 2346
Element: 271 0.0 0.0 0.0 0.0   1084M0 -400.0 800.0 -6123.154 0.1000 0 0 0  189.275 1.330 2345
##
## Section: 9, FPD Channels: 272 - 303  TDC Channels: 1088 - 1119
##
Element: 272 0.0 0.0 0.0 0.0   1107M0 -400.0 800.0 -6118.512 0.1000 0 0 0  187.945 1.368 2615
Element: 273 0.0 0.0 0.0 0.0   1090M0 -400.0 800.0 -6109.767 0.1000 0 0 0  186.584 1.352 2612
Element: 274 0.0 0.0 0.0 0.0   1091M0 -400.0 800.0 -6121.718 0.1000 0 0 0  185.223 1.345 2614
Element: 275 0.0 0.0 0.0 0.0   1106M0 -400.0 800.0 -6121.836 0.1000 0 0 0  183.894 1.329 2613
Element: 276 0.0 0.0 0.0 0.0   1105M0 -400.0 800.0 -6115.994 0.1000 0 0 0  182.543 1.324 2611
Element: 277 0.0 0.0 0.0 0.0   1088M0 -400.0 800.0 -6110.330 0.1000 0 0 0  181.247 1.307 2608
Element: 278 0.0 0.0 0.0 0.0   1089M0 -400.0 800.0 -6103.092 0.1000 0 0 0  179.908 1.302 2610
Element: 279 0.0 0.0 0.0 0.0   1104M0 -400.0 800.0 -6116.466 0.1000 0 0 0  178.643 1.285 2609
Element: 280 0.0 0.0 0.0 0.0   1111M0 -400.0 800.0 -6124.905 0.1000 0 0 0  177.365 1.323 2623
Element: 281 0.0 0.0 0.0 0.0   1094M0 -400.0 800.0 -6120.465 0.1000 0 0 0  176.048 1.307 2620
Element: 282 0.0 0.0 0.0 0.0   1095M0 -400.0 800.0 -6132.480 0.1000 0 0 0  174.730 1.303 2622
Element: 283 0.0 0.0 0.0 0.0   1110M0 -400.0 800.0 -6131.696 0.1000 0 0 0  173.445 1.286 2621
Element: 284 0.0 0.0 0.0 0.0   1109M0 -400.0 800.0 -6125.029 0.1000 0 0 0  172.138 1.281 2619
Element: 285 0.0 0.0 0.0 0.0   1092M0 -400.0 800.0 -6120.266 0.1000 0 0 0  170.887 1.264 2616
Element: 286 0.0 0.0 0.0 0.0   1093M0 -400.0 800.0 -6123.117 0.1000 0 0 0  169.590 1.260 2618
Element: 287 0.0 0.0 0.0 0.0   1108M0 -400.0 800.0 -6099.915 0.1000 0 0 0  168.372 1.243 2617
Element: 288 0.0 0.0 0.0 0.0   1115M0 -400.0 800.0 -6137.585 0.1000 0 0 0  167.140 1.280 2631
Element: 289 0.0 0.0 0.0 0.0   1098M0 -400.0 800.0 -6133.562 0.1000 0 0 0  165.867 1.265 2628
Element: 290 0.0 0.0 0.0 0.0   1099M0 -400.0 800.0 -6136.808 0.1000 0 0 0  164.593 1.258 2630
Element: 291 0.0 0.0 0.0 0.0   1114M0 -400.0 800.0 -6136.989 0.1000 0 0 0  163.354 1.242 2629
Element: 292 0.0 0.0 0.0 0.0   1113M0 -400.0 800.0 -6128.703 0.1000 0 0 0  162.089 1.238 2627
Element: 293 0.0 0.0 0.0 0.0   1096M0 -400.0 800.0 -6133.774 0.1000 0 0 0  160.883 1.221 2624
Element: 294 0.0 0.0 0.0 0.0   1097M0 -400.0 800.0 -6127.414 0.1000 0 0 0  159.629 1.216 2626
Element: 295 0.0 0.0 0.0 0.0   1112M0 -400.0 800.0 -6132.566 0.1000 0 0 0  158.455 1.199 2625
Element: 296 0.0 0.0 0.0 0.0   1119M0 -400.0 800.0 -6131.555 0.1000 0 0 0  157.273 1.237 2639
Element: 297 0.0 0.0 0.0 0.0   1102M0 -400.0 800.0 -6131.669 0.1000 0 0 0  156.044 1.221 2636
Element: 298 0.0 0.0 0.0 0.0   1103M0 -400.0 800.0 -6130.801 0.1000 0 0 0  154.813 1.217 2638
Element: 299 0.0 0.0 0.0 0.0   1118M0 -400.0 800.0 -6132.167 0.1000 0 0 0  153.617 1.199 2637
Element: 300 0.0 0.0 0.0 0.0   1117M0 -400.0 800.0 -6139.006 0.1000 0 0 0  152.397 1.194 2635
Element: 301 0.0 0.0 0.0 0.0   1100M0 -400.0 800.0 -6144.246 0.1000 0 0 0  151.235 1.178 2632
Element: 302 0.0 0.0 0.0 0.0   1101M0 -400.0 800.0 -6144.630 0.1000 0 0 0  150.024 1.173 2634
Element: 303 0.0 0.0 0.0 0.0   1116M0 -400.0 800.0 -6140.430 0.1000 0 0 0  148.895 1.157 2633
##
## Section: 10, FPD Channels: 304 - 335  TDC Channels: 1120 - 1151
##
Element: 304 0.0 0.0 0.0 0.0   1139M0 -400.0 800.0 -6135.180 0.1000 0 0 0  147.761 1.195 2903
Element: 305 0.0 0.0 0.0 0.0   1122M0 -400.0 800.0 -6126.407 0.1000 0 0 0  146.575 1.177 2900
Element: 306 0.0 0.0 0.0 0.0   1123M0 -400.0 800.0 -6134.262 0.1000 0 0 0  145.388 1.172 2902
Element: 307 0.0 0.0 0.0 0.0   1138M0 -400.0 800.0 -6133.351 0.1000 0 0 0  144.237 1.155 2901
Element: 308 0.0 0.0 0.0 0.0   1137M0 -400.0 800.0 -6127.026 0.1000 0 0 0  143.059 1.150 2899
Element: 309 0.0 0.0 0.0 0.0   1120M0 -400.0 800.0 -6123.803 0.1000 0 0 0  141.942 1.135 2896
Element: 310 0.0 0.0 0.0 0.0   1121M0 -400.0 800.0 -6113.523 0.1000 0 0 0  140.773 1.130 2898
Element: 311 0.0 0.0 0.0 0.0   1136M0 -400.0 800.0 -6124.783 0.1000 0 0 0  139.689 1.112 2897
Element: 312 0.0 0.0 0.0 0.0   1143M0 -400.0 800.0 -6138.347 0.1000 0 0 0  138.603 1.151 2911
Element: 313 0.0 0.0 0.0 0.0   1126M0 -400.0 800.0 -6132.457 0.1000 0 0 0  137.461 1.134 2908
Element: 314 0.0 0.0 0.0 0.0   1127M0 -400.0 800.0 -6141.633 0.1000 0 0 0  136.319 1.128 2910
Element: 315 0.0 0.0 0.0 0.0   1142M0 -400.0 800.0 -6139.294 0.1000 0 0 0  135.211 1.112 2909
Element: 316 0.0 0.0 0.0 0.0   1141M0 -400.0 800.0 -6133.299 0.1000 0 0 0  134.077 1.109 2907
Element: 317 0.0 0.0 0.0 0.0   1124M0 -400.0 800.0 -6132.525 0.1000 0 0 0  133.004 1.091 2904
Element: 318 0.0 0.0 0.0 0.0   1125M0 -400.0 800.0 -6128.280 0.1000 0 0 0  131.878 1.087 2906
Element: 319 0.0 0.0 0.0 0.0   1140M0 -400.0 800.0 -6129.190 0.1000 0 0 0  130.839 1.071 2905
Element: 320 0.0 0.0 0.0 0.0   1147M0 -400.0 800.0 -6144.013 0.1000 0 0 0  129.800 1.107 2919
Element: 321 0.0 0.0 0.0 0.0   1130M0 -400.0 800.0 -6138.660 0.1000 0 0 0  128.703 1.090 2916
Element: 322 0.0 0.0 0.0 0.0   1131M0 -400.0 800.0 -6146.308 0.1000 0 0 0  127.604 1.087 2918
Element: 323 0.0 0.0 0.0 0.0   1146M0 -400.0 800.0 -6140.110 0.1000 0 0 0  126.542 1.069 2917
Element: 324 0.0 0.0 0.0 0.0   1145M0 -400.0 800.0 -6140.788 0.1000 0 0 0  125.451 1.066 2915
Element: 325 0.0 0.0 0.0 0.0   1128M0 -400.0 800.0 -6142.546 0.1000 0 0 0  124.423 1.049 2912
Element: 326 0.0 0.0 0.0 0.0   1129M0 -400.0 800.0 -6138.866 0.1000 0 0 0  123.339 1.044 2914
Element: 327 0.0 0.0 0.0 0.0   1144M0 -400.0 800.0 -6140.273 0.1000 0 0 0  122.346 1.027 2913
## Last 8 TDC channels reserved for reference TDC and misc. applications
##
Initialise: 
Display: 1D Nhits       96 0 96
Display: 1D NhitsPrompt 32 0 32
Display: 1D NhitsRand   32 0 32
Display: 1D Hits        328 0 328
Display: 1D HitsPrompt  328 0 328
Display: 1D HitsRand    328 0 328
Display: 1D TimeOR     1200 -400.0 800.0
Display: 1D TimeAll    1200 -400.0 800.0
#Display: 1D Time  200 -200.0 200.0   0 328
Display: 1D Eelect   1000 0 1000.0
Display: 1D ScalerCurr 328 0 328
Display: 1D ScalerAcc  328 0 328
Display: 1D Doubles  	328 0 328
Display: 1D NDoubles  	64 0 64
#Display: 2D TimeOR   200 -200.0 200.0 -1 Hits 328 0 328 -1
#Display: 2D TimeOR   200 -200.0 200.0 -1 Doubles 328 0 328 -1
Display: 2D TimeOR   300 -400.0 800.0 -1 Hits 328 0 328 -1
Display: 2D TimeOR   300 -400.0 800.0 -1 Doubles 328 0 328 -1
Display: 2D TimeAll  300 -400.0 800.0 -1 Hits 328 0 328 -1
