## Detector setup file for new FPD
########################################################################
##
##	#FP	Energy	Time	Pos
Size: 	328 	0 	1 	1
#RawHits:
#
Multi-hit: 128
#
##	Scalers	Calib	Overlap	Micro	#trig	Toff	Tres
Misc:	1	1	0	0	0	165.0	0.0
##
Window:   -20. 20. -40. -20.
Window:   -20. 20.  20.  40.
##
Element:   0 0.0 0.0 0.0 0.0    849M0 -400.0 800.0 -6000.0 0.1000 0 0 0  846.137 3.471 2067
Element:   1 0.0 0.0 0.0 0.0    832M0 -400.0 800.0 -6000.0 0.1000 0 0 0  842.761 3.484 2064
Element:   2 0.0 0.0 0.0 0.0    833M0 -400.0 800.0 -6000.0 0.1000 0 0 0  839.132 3.484 2066
Element:   3 0.0 0.0 0.0 0.0    848M0 -400.0 800.0 -6000.0 0.1000 0 0 0  835.732 3.496 2065
Element:   4 0.0 0.0 0.0 0.0    817M0 -400.0 800.0 -6000.0 0.1000 0 0 0  832.104 3.496 2867
Element:   5 0.0 0.0 0.0 0.0    800M0 -400.0 800.0 -6000.0 0.1000 0 0 0  828.681 3.506 2864
Element:   6 0.0 0.0 0.0 0.0    801M0 -400.0 800.0 -6000.0 0.1000 0 0 0  825.054 3.505 2866
Element:   7 0.0 0.0 0.0 0.0    816M0 -400.0 800.0 -6000.0 0.1000 0 0 0  821.611 3.516 2865
Element:   8 0.0 0.0 0.0 0.0    977M0 -400.0 800.0 -6000.0 0.1000 0 0 0  816.424 3.444 2355
Element:   9 0.0 0.0 0.0 0.0    960M0 -400.0 800.0 -6000.0 0.1000 0 0 0  813.069 3.454 2352
Element:  10 0.0 0.0 0.0 0.0    961M0 -400.0 800.0 -6000.0 0.1000 0 0 0  809.482 3.452 2354
Element:  11 0.0 0.0 0.0 0.0    976M0 -400.0 800.0 -6000.0 0.1000 0 0 0  806.107 3.460 2353
Element:  12 0.0 0.0 0.0 0.0    945M0 -400.0 800.0 -6000.0 0.1000 0 0 0  802.524 3.458 2003
Element:  13 0.0 0.0 0.0 0.0    928M0 -400.0 800.0 -6000.0 0.1000 0 0 0  799.133 3.467 2000
Element:  14 0.0 0.0 0.0 0.0    929M0 -400.0 800.0 -6000.0 0.1000 0 0 0  795.555 3.464 2002
Element:  15 0.0 0.0 0.0 0.0    944M0 -400.0 800.0 -6000.0 0.1000 0 0 0  792.149 3.472 2001
Element:  16 0.0 0.0 0.0 0.0   1105M0 -400.0 800.0 -6000.0 0.1000 0 0 0  787.115 3.402 2611
Element:  17 0.0 0.0 0.0 0.0   1088M0 -400.0 800.0 -6000.0 0.1000 0 0 0  783.794 3.409 2608
Element:  18 0.0 0.0 0.0 0.0   1089M0 -400.0 800.0 -6000.0 0.1000 0 0 0  780.261 3.405 2610
Element:  19 0.0 0.0 0.0 0.0   1104M0 -400.0 800.0 -6000.0 0.1000 0 0 0  776.927 3.411 2609
Element:  20 0.0 0.0 0.0 0.0   1073M0 -400.0 800.0 -6000.0 0.1000 0 0 0  773.402 3.408 2323
Element:  21 0.0 0.0 0.0 0.0   1056M0 -400.0 800.0 -6000.0 0.1000 0 0 0  770.056 3.413 2320
Element:  22 0.0 0.0 0.0 0.0   1057M0 -400.0 800.0 -6000.0 0.1000 0 0 0  766.539 3.409 2322
Element:  23 0.0 0.0 0.0 0.0   1072M0 -400.0 800.0 -6000.0 0.1000 0 0 0  763.183 3.414 2321
Element:  24 0.0 0.0 0.0 0.0    913M0 -400.0 800.0 -6000.0 0.1000 0 0 0  758.322 3.348 2291
Element:  25 0.0 0.0 0.0 0.0    896M0 -400.0 800.0 -6000.0 0.1000 0 0 0  755.046 3.353 2288
Element:  26 0.0 0.0 0.0 0.0    897M0 -400.0 800.0 -6000.0 0.1000 0 0 0  751.580 3.348 2290
Element:  27 0.0 0.0 0.0 0.0    912M0 -400.0 800.0 -6000.0 0.1000 0 0 0  748.297 3.351 2289
Element:  28 0.0 0.0 0.0 0.0    881M0 -400.0 800.0 -6000.0 0.1000 0 0 0  744.841 3.346 2579
Element:  29 0.0 0.0 0.0 0.0    864M0 -400.0 800.0 -6000.0 0.1000 0 0 0  741.552 3.349 2576
Element:  30 0.0 0.0 0.0 0.0    865M0 -400.0 800.0 -6000.0 0.1000 0 0 0  738.107 3.343 2578
Element:  31 0.0 0.0 0.0 0.0    880M0 -400.0 800.0 -6000.0 0.1000 0 0 0  734.813 3.344 2577
Element:  32 0.0 0.0 0.0 0.0   1041M0 -400.0 800.0 -6000.0 0.1000 0 0 0  730.137 3.285 2035
Element:  33 0.0 0.0 0.0 0.0   1024M0 -400.0 800.0 -6000.0 0.1000 0 0 0  726.918 3.287 2032
Element:  34 0.0 0.0 0.0 0.0   1025M0 -400.0 800.0 -6000.0 0.1000 0 0 0  723.529 3.280 2034
Element:  35 0.0 0.0 0.0 0.0   1040M0 -400.0 800.0 -6000.0 0.1000 0 0 0  720.305 3.282 2033
Element:  36 0.0 0.0 0.0 0.0   1009M0 -400.0 800.0 -6000.0 0.1000 0 0 0  716.928 3.275 2643
Element:  37 0.0 0.0 0.0 0.0    992M0 -400.0 800.0 -6000.0 0.1000 0 0 0  713.704 3.276 2640
Element:  38 0.0 0.0 0.0 0.0    993M0 -400.0 800.0 -6000.0 0.1000 0 0 0  710.341 3.269 2642
Element:  39 0.0 0.0 0.0 0.0   1008M0 -400.0 800.0 -6000.0 0.1000 0 0 0  707.117 3.268 2641
Element:  40 0.0 0.0 0.0 0.0   1169M0 -400.0 800.0 -6000.0 0.1000 0 0 0  702.633 3.213 2931
Element:  41 0.0 0.0 0.0 0.0   1152M0 -400.0 800.0 -6000.0 0.1000 0 0 0  699.478 3.214 2928
Element:  42 0.0 0.0 0.0 0.0   1153M0 -400.0 800.0 -6000.0 0.1000 0 0 0  696.170 3.206 2930
Element:  43 0.0 0.0 0.0 0.0   1168M0 -400.0 800.0 -6000.0 0.1000 0 0 0  693.018 3.205 2929
Element:  44 0.0 0.0 0.0 0.0   1137M0 -400.0 800.0 -6000.0 0.1000 0 0 0  689.724 3.198 2899
Element:  45 0.0 0.0 0.0 0.0   1120M0 -400.0 800.0 -6000.0 0.1000 0 0 0  686.574 3.195 2896
Element:  46 0.0 0.0 0.0 0.0   1121M0 -400.0 800.0 -6000.0 0.1000 0 0 0  683.297 3.187 2898
Element:  47 0.0 0.0 0.0 0.0   1136M0 -400.0 800.0 -6000.0 0.1000 0 0 0  680.150 3.185 2897
Element:  48 0.0 0.0 0.0 0.0    851M0 -400.0 800.0 -6000.0 0.1000 0 0 0  675.863 3.137 2071
Element:  49 0.0 0.0 0.0 0.0    834M0 -400.0 800.0 -6000.0 0.1000 0 0 0  672.779 3.134 2068
Element:  50 0.0 0.0 0.0 0.0    835M0 -400.0 800.0 -6000.0 0.1000 0 0 0  669.559 3.126 2070
Element:  51 0.0 0.0 0.0 0.0    850M0 -400.0 800.0 -6000.0 0.1000 0 0 0  666.480 3.123 2069
Element:  52 0.0 0.0 0.0 0.0    819M0 -400.0 800.0 -6000.0 0.1000 0 0 0  663.276 3.115 2871
Element:  53 0.0 0.0 0.0 0.0    802M0 -400.0 800.0 -6000.0 0.1000 0 0 0  660.204 3.111 2868
Element:  54 0.0 0.0 0.0 0.0    803M0 -400.0 800.0 -6000.0 0.1000 0 0 0  657.018 3.103 2870
Element:  55 0.0 0.0 0.0 0.0    818M0 -400.0 800.0 -6000.0 0.1000 0 0 0  653.953 3.098 2869
Element:  56 0.0 0.0 0.0 0.0    979M0 -400.0 800.0 -6000.0 0.1000 0 0 0  649.862 3.055 2359
Element:  57 0.0 0.0 0.0 0.0    962M0 -400.0 800.0 -6000.0 0.1000 0 0 0  646.853 3.052 2356
Element:  58 0.0 0.0 0.0 0.0    963M0 -400.0 800.0 -6000.0 0.1000 0 0 0  643.723 3.043 2358
Element:  59 0.0 0.0 0.0 0.0    978M0 -400.0 800.0 -6000.0 0.1000 0 0 0  640.723 3.038 2357
Element:  60 0.0 0.0 0.0 0.0    947M0 -400.0 800.0 -6000.0 0.1000 0 0 0  637.611 3.029 2007
Element:  61 0.0 0.0 0.0 0.0    930M0 -400.0 800.0 -6000.0 0.1000 0 0 0  634.621 3.024 2004
Element:  62 0.0 0.0 0.0 0.0    931M0 -400.0 800.0 -6000.0 0.1000 0 0 0  631.527 3.014 2006
Element:  63 0.0 0.0 0.0 0.0    946M0 -400.0 800.0 -6000.0 0.1000 0 0 0  628.547 3.009 2005
Element:  64 0.0 0.0 0.0 0.0   1107M0 -400.0 800.0 -6000.0 0.1000 0 0 0  624.648 2.972 2615
Element:  65 0.0 0.0 0.0 0.0   1090M0 -400.0 800.0 -6000.0 0.1000 0 0 0  621.717 2.966 2612
Element:  66 0.0 0.0 0.0 0.0   1091M0 -400.0 800.0 -6000.0 0.1000 0 0 0  618.679 2.957 2614
Element:  67 0.0 0.0 0.0 0.0   1106M0 -400.0 800.0 -6000.0 0.1000 0 0 0  615.759 2.952 2613
Element:  68 0.0 0.0 0.0 0.0   1075M0 -400.0 800.0 -6000.0 0.1000 0 0 0  612.741 2.942 2327
Element:  69 0.0 0.0 0.0 0.0   1058M0 -400.0 800.0 -6000.0 0.1000 0 0 0  609.834 2.935 2324
Element:  70 0.0 0.0 0.0 0.0   1059M0 -400.0 800.0 -6000.0 0.1000 0 0 0  606.835 2.925 2326
Element:  71 0.0 0.0 0.0 0.0   1074M0 -400.0 800.0 -6000.0 0.1000 0 0 0  603.942 2.918 2325
Element:  72 0.0 0.0 0.0 0.0    915M0 -400.0 800.0 -6000.0 0.1000 0 0 0  600.226 2.888 2295
Element:  73 0.0 0.0 0.0 0.0    898M0 -400.0 800.0 -6000.0 0.1000 0 0 0  597.375 2.881 2292
Element:  74 0.0 0.0 0.0 0.0    899M0 -400.0 800.0 -6000.0 0.1000 0 0 0  594.429 2.870 2294
Element:  75 0.0 0.0 0.0 0.0    914M0 -400.0 800.0 -6000.0 0.1000 0 0 0  591.591 2.864 2293
Element:  76 0.0 0.0 0.0 0.0    883M0 -400.0 800.0 -6000.0 0.1000 0 0 0  588.665 2.853 2583
Element:  77 0.0 0.0 0.0 0.0    866M0 -400.0 800.0 -6000.0 0.1000 0 0 0  585.843 2.846 2580
Element:  78 0.0 0.0 0.0 0.0    867M0 -400.0 800.0 -6000.0 0.1000 0 0 0  582.937 2.836 2582
Element:  79 0.0 0.0 0.0 0.0    882M0 -400.0 800.0 -6000.0 0.1000 0 0 0  580.131 2.828 2581
Element:  80 0.0 0.0 0.0 0.0   1043M0 -400.0 800.0 -6000.0 0.1000 0 0 0  576.593 2.804 2039
Element:  81 0.0 0.0 0.0 0.0   1026M0 -400.0 800.0 -6000.0 0.1000 0 0 0  573.822 2.796 2036
Element:  82 0.0 0.0 0.0 0.0   1027M0 -400.0 800.0 -6000.0 0.1000 0 0 0  570.967 2.785 2038
Element:  83 0.0 0.0 0.0 0.0   1042M0 -400.0 800.0 -6000.0 0.1000 0 0 0  568.212 2.777 2037
Element:  84 0.0 0.0 0.0 0.0   1011M0 -400.0 800.0 -6000.0 0.1000 0 0 0  565.377 2.767 2647
Element:  85 0.0 0.0 0.0 0.0    994M0 -400.0 800.0 -6000.0 0.1000 0 0 0  562.639 2.759 2644
Element:  86 0.0 0.0 0.0 0.0    995M0 -400.0 800.0 -6000.0 0.1000 0 0 0  559.825 2.748 2646
Element:  87 0.0 0.0 0.0 0.0   1010M0 -400.0 800.0 -6000.0 0.1000 0 0 0  557.105 2.739 2645
Element:  88 0.0 0.0 0.0 0.0   1171M0 -400.0 800.0 -6000.0 0.1000 0 0 0  553.733 2.720 2935
Element:  89 0.0 0.0 0.0 0.0   1154M0 -400.0 800.0 -6000.0 0.1000 0 0 0  551.040 2.711 2932
Element:  90 0.0 0.0 0.0 0.0   1155M0 -400.0 800.0 -6000.0 0.1000 0 0 0  548.276 2.701 2934
Element:  91 0.0 0.0 0.0 0.0   1170M0 -400.0 800.0 -6000.0 0.1000 0 0 0  545.602 2.692 2933
Element:  92 0.0 0.0 0.0 0.0   1139M0 -400.0 800.0 -6000.0 0.1000 0 0 0  542.857 2.682 2903
Element:  93 0.0 0.0 0.0 0.0   1122M0 -400.0 800.0 -6000.0 0.1000 0 0 0  540.201 2.672 2900
Element:  94 0.0 0.0 0.0 0.0   1123M0 -400.0 800.0 -6000.0 0.1000 0 0 0  537.478 2.662 2902
Element:  95 0.0 0.0 0.0 0.0   1138M0 -400.0 800.0 -6000.0 0.1000 0 0 0  534.842 2.652 2901
Element:  96 0.0 0.0 0.0 0.0    853M0 -400.0 800.0 -6000.0 0.1000 0 0 0  531.627 2.638 2075
Element:  97 0.0 0.0 0.0 0.0    836M0 -400.0 800.0 -6000.0 0.1000 0 0 0  529.013 2.628 2072
Element:  98 0.0 0.0 0.0 0.0    837M0 -400.0 800.0 -6000.0 0.1000 0 0 0  526.335 2.619 2074
Element:  99 0.0 0.0 0.0 0.0    852M0 -400.0 800.0 -6000.0 0.1000 0 0 0  523.741 2.609 2073
Element: 100 0.0 0.0 0.0 0.0    821M0 -400.0 800.0 -6000.0 0.1000 0 0 0  521.084 2.598 2875
Element: 101 0.0 0.0 0.0 0.0    804M0 -400.0 800.0 -6000.0 0.1000 0 0 0  518.510 2.588 2872
Element: 102 0.0 0.0 0.0 0.0    805M0 -400.0 800.0 -6000.0 0.1000 0 0 0  515.873 2.578 2874
Element: 103 0.0 0.0 0.0 0.0    820M0 -400.0 800.0 -6000.0 0.1000 0 0 0  513.320 2.568 2873
Element: 104 0.0 0.0 0.0 0.0    981M0 -400.0 800.0 -6000.0 0.1000 0 0 0  510.253 2.558 2363
Element: 105 0.0 0.0 0.0 0.0    964M0 -400.0 800.0 -6000.0 0.1000 0 0 0  507.716 2.549 2360
Element: 106 0.0 0.0 0.0 0.0    965M0 -400.0 800.0 -6000.0 0.1000 0 0 0  505.123 2.538 2362
Element: 107 0.0 0.0 0.0 0.0    980M0 -400.0 800.0 -6000.0 0.1000 0 0 0  502.606 2.527 2361
Element: 108 0.0 0.0 0.0 0.0    949M0 -400.0 800.0 -6000.0 0.1000 0 0 0  500.034 2.518 2011
Element: 109 0.0 0.0 0.0 0.0    932M0 -400.0 800.0 -6000.0 0.1000 0 0 0  497.539 2.507 2008
Element: 110 0.0 0.0 0.0 0.0    933M0 -400.0 800.0 -6000.0 0.1000 0 0 0  494.986 2.496 2010
Element: 111 0.0 0.0 0.0 0.0    948M0 -400.0 800.0 -6000.0 0.1000 0 0 0  492.513 2.486 2009
Element: 112 0.0 0.0 0.0 0.0   1109M0 -400.0 800.0 -6000.0 0.1000 0 0 0  489.587 2.481 2619
Element: 113 0.0 0.0 0.0 0.0   1092M0 -400.0 800.0 -6000.0 0.1000 0 0 0  487.124 2.470 2616
Element: 114 0.0 0.0 0.0 0.0   1093M0 -400.0 800.0 -6000.0 0.1000 0 0 0  484.613 2.460 2618
Element: 115 0.0 0.0 0.0 0.0   1108M0 -400.0 800.0 -6000.0 0.1000 0 0 0  482.172 2.449 2617
Element: 116 0.0 0.0 0.0 0.0   1077M0 -400.0 800.0 -6000.0 0.1000 0 0 0  479.681 2.439 2331
Element: 117 0.0 0.0 0.0 0.0   1060M0 -400.0 800.0 -6000.0 0.1000 0 0 0  477.263 2.428 2328
Element: 118 0.0 0.0 0.0 0.0   1061M0 -400.0 800.0 -6000.0 0.1000 0 0 0  474.792 2.418 2330
Element: 119 0.0 0.0 0.0 0.0   1076M0 -400.0 800.0 -6000.0 0.1000 0 0 0  472.396 2.406 2329
Element: 120 0.0 0.0 0.0 0.0    917M0 -400.0 800.0 -6000.0 0.1000 0 0 0  469.602 2.406 2299
Element: 121 0.0 0.0 0.0 0.0    900M0 -400.0 800.0 -6000.0 0.1000 0 0 0  467.212 2.395 2296
Element: 122 0.0 0.0 0.0 0.0    901M0 -400.0 800.0 -6000.0 0.1000 0 0 0  464.779 2.385 2298
Element: 123 0.0 0.0 0.0 0.0    916M0 -400.0 800.0 -6000.0 0.1000 0 0 0  462.412 2.374 2297
Element: 124 0.0 0.0 0.0 0.0    885M0 -400.0 800.0 -6000.0 0.1000 0 0 0  459.999 2.364 2587
Element: 125 0.0 0.0 0.0 0.0    868M0 -400.0 800.0 -6000.0 0.1000 0 0 0  457.656 2.352 2584
Element: 126 0.0 0.0 0.0 0.0    869M0 -400.0 800.0 -6000.0 0.1000 0 0 0  455.262 2.342 2586
Element: 127 0.0 0.0 0.0 0.0    884M0 -400.0 800.0 -6000.0 0.1000 0 0 0  452.942 2.330 2585
Element: 128 0.0 0.0 0.0 0.0   1045M0 -400.0 800.0 -6000.0 0.1000 0 0 0  450.272 2.334 2043
Element: 129 0.0 0.0 0.0 0.0   1028M0 -400.0 800.0 -6000.0 0.1000 0 0 0  447.951 2.323 2040
Element: 130 0.0 0.0 0.0 0.0   1029M0 -400.0 800.0 -6000.0 0.1000 0 0 0  445.594 2.312 2042
Element: 131 0.0 0.0 0.0 0.0   1044M0 -400.0 800.0 -6000.0 0.1000 0 0 0  443.298 2.301 2041
Element: 132 0.0 0.0 0.0 0.0   1013M0 -400.0 800.0 -6000.0 0.1000 0 0 0  440.960 2.291 2651
Element: 133 0.0 0.0 0.0 0.0    996M0 -400.0 800.0 -6000.0 0.1000 0 0 0  438.688 2.279 2648
Element: 134 0.0 0.0 0.0 0.0    997M0 -400.0 800.0 -6000.0 0.1000 0 0 0  436.370 2.269 2650
Element: 135 0.0 0.0 0.0 0.0   1012M0 -400.0 800.0 -6000.0 0.1000 0 0 0  434.122 2.257 2649
Element: 136 0.0 0.0 0.0 0.0   1173M0 -400.0 800.0 -6000.0 0.1000 0 0 0  431.567 2.265 2939
Element: 137 0.0 0.0 0.0 0.0   1156M0 -400.0 800.0 -6000.0 0.1000 0 0 0  429.315 2.252 2936
Element: 138 0.0 0.0 0.0 0.0   1157M0 -400.0 800.0 -6000.0 0.1000 0 0 0  427.030 2.243 2938
Element: 139 0.0 0.0 0.0 0.0   1172M0 -400.0 800.0 -6000.0 0.1000 0 0 0  424.802 2.231 2937
Element: 140 0.0 0.0 0.0 0.0   1141M0 -400.0 800.0 -6000.0 0.1000 0 0 0  422.536 2.222 2907
Element: 141 0.0 0.0 0.0 0.0   1124M0 -400.0 800.0 -6000.0 0.1000 0 0 0  420.334 2.209 2904
Element: 142 0.0 0.0 0.0 0.0   1125M0 -400.0 800.0 -6000.0 0.1000 0 0 0  418.087 2.199 2906
Element: 143 0.0 0.0 0.0 0.0   1140M0 -400.0 800.0 -6000.0 0.1000 0 0 0  415.909 2.187 2905
Element: 144 0.0 0.0 0.0 0.0    855M0 -400.0 800.0 -6000.0 0.1000 0 0 0  413.463 2.198 2079
Element: 145 0.0 0.0 0.0 0.0    838M0 -400.0 800.0 -6000.0 0.1000 0 0 0  411.276 2.186 2076
Element: 146 0.0 0.0 0.0 0.0    839M0 -400.0 800.0 -6000.0 0.1000 0 0 0  409.060 2.177 2078
Element: 147 0.0 0.0 0.0 0.0    854M0 -400.0 800.0 -6000.0 0.1000 0 0 0  406.899 2.164 2077
Element: 148 0.0 0.0 0.0 0.0    823M0 -400.0 800.0 -6000.0 0.1000 0 0 0  404.703 2.154 2879
Element: 149 0.0 0.0 0.0 0.0    806M0 -400.0 800.0 -6000.0 0.1000 0 0 0  402.566 2.141 2876
Element: 150 0.0 0.0 0.0 0.0    807M0 -400.0 800.0 -6000.0 0.1000 0 0 0  400.388 2.132 2878
Element: 151 0.0 0.0 0.0 0.0    822M0 -400.0 800.0 -6000.0 0.1000 0 0 0  398.277 2.119 2877
Element: 152 0.0 0.0 0.0 0.0    983M0 -400.0 800.0 -6000.0 0.1000 0 0 0  395.932 2.133 2367
Element: 153 0.0 0.0 0.0 0.0    966M0 -400.0 800.0 -6000.0 0.1000 0 0 0  393.808 2.121 2364
Element: 154 0.0 0.0 0.0 0.0    967M0 -400.0 800.0 -6000.0 0.1000 0 0 0  391.659 2.112 2366
Element: 155 0.0 0.0 0.0 0.0    982M0 -400.0 800.0 -6000.0 0.1000 0 0 0  389.561 2.099 2365
Element: 156 0.0 0.0 0.0 0.0    951M0 -400.0 800.0 -6000.0 0.1000 0 0 0  387.431 2.090 2015
Element: 157 0.0 0.0 0.0 0.0    934M0 -400.0 800.0 -6000.0 0.1000 0 0 0  385.359 2.077 2012
Element: 158 0.0 0.0 0.0 0.0    935M0 -400.0 800.0 -6000.0 0.1000 0 0 0  383.247 2.067 2014
Element: 159 0.0 0.0 0.0 0.0    950M0 -400.0 800.0 -6000.0 0.1000 0 0 0  381.201 2.055 2013
Element: 160 0.0 0.0 0.0 0.0   1111M0 -400.0 800.0 -6000.0 0.1000 0 0 0  378.951 2.072 2623
Element: 161 0.0 0.0 0.0 0.0   1094M0 -400.0 800.0 -6000.0 0.1000 0 0 0  376.888 2.059 2620
Element: 162 0.0 0.0 0.0 0.0   1095M0 -400.0 800.0 -6000.0 0.1000 0 0 0  374.803 2.050 2622
Element: 163 0.0 0.0 0.0 0.0   1110M0 -400.0 800.0 -6000.0 0.1000 0 0 0  372.766 2.037 2621
Element: 164 0.0 0.0 0.0 0.0   1079M0 -400.0 800.0 -6000.0 0.1000 0 0 0  370.700 2.028 2335
Element: 165 0.0 0.0 0.0 0.0   1062M0 -400.0 800.0 -6000.0 0.1000 0 0 0  368.689 2.014 2332
Element: 166 0.0 0.0 0.0 0.0   1063M0 -400.0 800.0 -6000.0 0.1000 0 0 0  366.641 2.006 2334
Element: 167 0.0 0.0 0.0 0.0   1078M0 -400.0 800.0 -6000.0 0.1000 0 0 0  364.657 1.992 2333
Element: 168 0.0 0.0 0.0 0.0    919M0 -400.0 800.0 -6000.0 0.1000 0 0 0  362.496 2.013 2303
Element: 169 0.0 0.0 0.0 0.0    902M0 -400.0 800.0 -6000.0 0.1000 0 0 0  360.491 1.999 2300
Element: 170 0.0 0.0 0.0 0.0    903M0 -400.0 800.0 -6000.0 0.1000 0 0 0  358.469 1.990 2302
Element: 171 0.0 0.0 0.0 0.0    918M0 -400.0 800.0 -6000.0 0.1000 0 0 0  356.491 1.977 2301
Element: 172 0.0 0.0 0.0 0.0    887M0 -400.0 800.0 -6000.0 0.1000 0 0 0  354.486 1.969 2591
Element: 173 0.0 0.0 0.0 0.0    870M0 -400.0 800.0 -6000.0 0.1000 0 0 0  352.535 1.955 2588
Element: 174 0.0 0.0 0.0 0.0    871M0 -400.0 800.0 -6000.0 0.1000 0 0 0  350.547 1.947 2590
Element: 175 0.0 0.0 0.0 0.0    886M0 -400.0 800.0 -6000.0 0.1000 0 0 0  348.623 1.932 2589
Element: 176 0.0 0.0 0.0 0.0   1047M0 -400.0 800.0 -6000.0 0.1000 0 0 0  346.546 1.955 2047
Element: 177 0.0 0.0 0.0 0.0   1030M0 -400.0 800.0 -6000.0 0.1000 0 0 0  344.598 1.942 2044
Element: 178 0.0 0.0 0.0 0.0   1031M0 -400.0 800.0 -6000.0 0.1000 0 0 0  342.635 1.933 2046
Element: 179 0.0 0.0 0.0 0.0   1046M0 -400.0 800.0 -6000.0 0.1000 0 0 0  340.714 1.919 2045
Element: 180 0.0 0.0 0.0 0.0   1015M0 -400.0 800.0 -6000.0 0.1000 0 0 0  338.769 1.911 2655
Element: 181 0.0 0.0 0.0 0.0    998M0 -400.0 800.0 -6000.0 0.1000 0 0 0  336.875 1.897 2652
Element: 182 0.0 0.0 0.0 0.0    999M0 -400.0 800.0 -6000.0 0.1000 0 0 0  334.946 1.889 2654
Element: 183 0.0 0.0 0.0 0.0   1014M0 -400.0 800.0 -6000.0 0.1000 0 0 0  333.080 1.876 2653
Element: 184 0.0 0.0 0.0 0.0   1175M0 -400.0 800.0 -6000.0 0.1000 0 0 0  331.082 1.899 2943
Element: 185 0.0 0.0 0.0 0.0   1158M0 -400.0 800.0 -6000.0 0.1000 0 0 0  329.189 1.886 2940
Element: 186 0.0 0.0 0.0 0.0   1159M0 -400.0 800.0 -6000.0 0.1000 0 0 0  327.282 1.878 2942
Element: 187 0.0 0.0 0.0 0.0   1174M0 -400.0 800.0 -6000.0 0.1000 0 0 0  325.417 1.864 2941
Element: 188 0.0 0.0 0.0 0.0   1143M0 -400.0 800.0 -6000.0 0.1000 0 0 0  323.528 1.855 2911
Element: 189 0.0 0.0 0.0 0.0   1126M0 -400.0 800.0 -6000.0 0.1000 0 0 0  321.690 1.841 2908
Element: 190 0.0 0.0 0.0 0.0   1127M0 -400.0 800.0 -6000.0 0.1000 0 0 0  319.818 1.834 2910
Element: 191 0.0 0.0 0.0 0.0   1142M0 -400.0 800.0 -6000.0 0.1000 0 0 0  318.008 1.819 2909
Element: 192 0.0 0.0 0.0 0.0    857M0 -400.0 800.0 -6000.0 0.1000 0 0 0  316.085 1.846 2083
Element: 193 0.0 0.0 0.0 0.0    840M0 -400.0 800.0 -6000.0 0.1000 0 0 0  314.245 1.832 2080
Element: 194 0.0 0.0 0.0 0.0    841M0 -400.0 800.0 -6000.0 0.1000 0 0 0  312.394 1.823 2082
Element: 195 0.0 0.0 0.0 0.0    856M0 -400.0 800.0 -6000.0 0.1000 0 0 0  310.582 1.810 2081
Element: 196 0.0 0.0 0.0 0.0    825M0 -400.0 800.0 -6000.0 0.1000 0 0 0  308.748 1.802 2883
Element: 197 0.0 0.0 0.0 0.0    808M0 -400.0 800.0 -6000.0 0.1000 0 0 0  306.964 1.788 2880
Element: 198 0.0 0.0 0.0 0.0    809M0 -400.0 800.0 -6000.0 0.1000 0 0 0  305.146 1.780 2882
Element: 199 0.0 0.0 0.0 0.0    824M0 -400.0 800.0 -6000.0 0.1000 0 0 0  303.390 1.766 2881
Element: 200 0.0 0.0 0.0 0.0    985M0 -400.0 800.0 -6000.0 0.1000 0 0 0  301.538 1.794 2371
Element: 201 0.0 0.0 0.0 0.0    968M0 -400.0 800.0 -6000.0 0.1000 0 0 0  299.750 1.779 2368
Element: 202 0.0 0.0 0.0 0.0    969M0 -400.0 800.0 -6000.0 0.1000 0 0 0  297.952 1.772 2370
Element: 203 0.0 0.0 0.0 0.0    984M0 -400.0 800.0 -6000.0 0.1000 0 0 0  296.193 1.757 2369
Element: 204 0.0 0.0 0.0 0.0    953M0 -400.0 800.0 -6000.0 0.1000 0 0 0  294.411 1.750 2019
Element: 205 0.0 0.0 0.0 0.0    936M0 -400.0 800.0 -6000.0 0.1000 0 0 0  292.680 1.736 2016
Element: 206 0.0 0.0 0.0 0.0    937M0 -400.0 800.0 -6000.0 0.1000 0 0 0  290.914 1.728 2018
Element: 207 0.0 0.0 0.0 0.0    952M0 -400.0 800.0 -6000.0 0.1000 0 0 0  289.212 1.714 2017
Element: 208 0.0 0.0 0.0 0.0   1113M0 -400.0 800.0 -6000.0 0.1000 0 0 0  287.426 1.744 2627
Element: 209 0.0 0.0 0.0 0.0   1096M0 -400.0 800.0 -6000.0 0.1000 0 0 0  285.688 1.730 2624
Element: 210 0.0 0.0 0.0 0.0   1097M0 -400.0 800.0 -6000.0 0.1000 0 0 0  283.943 1.721 2626
Element: 211 0.0 0.0 0.0 0.0   1112M0 -400.0 800.0 -6000.0 0.1000 0 0 0  282.234 1.707 2625
Element: 212 0.0 0.0 0.0 0.0   1081M0 -400.0 800.0 -6000.0 0.1000 0 0 0  280.504 1.699 2339
Element: 213 0.0 0.0 0.0 0.0   1064M0 -400.0 800.0 -6000.0 0.1000 0 0 0  278.824 1.685 2336
Element: 214 0.0 0.0 0.0 0.0   1065M0 -400.0 800.0 -6000.0 0.1000 0 0 0  277.109 1.678 2338
Element: 215 0.0 0.0 0.0 0.0   1080M0 -400.0 800.0 -6000.0 0.1000 0 0 0  275.458 1.663 2337
Element: 216 0.0 0.0 0.0 0.0    921M0 -400.0 800.0 -6000.0 0.1000 0 0 0  273.737 1.694 2307
Element: 217 0.0 0.0 0.0 0.0    904M0 -400.0 800.0 -6000.0 0.1000 0 0 0  272.048 1.680 2304
Element: 218 0.0 0.0 0.0 0.0    905M0 -400.0 800.0 -6000.0 0.1000 0 0 0  270.353 1.672 2306
Element: 219 0.0 0.0 0.0 0.0    920M0 -400.0 800.0 -6000.0 0.1000 0 0 0  268.694 1.658 2305
Element: 220 0.0 0.0 0.0 0.0    889M0 -400.0 800.0 -6000.0 0.1000 0 0 0  267.013 1.650 2595
Element: 221 0.0 0.0 0.0 0.0    872M0 -400.0 800.0 -6000.0 0.1000 0 0 0  265.383 1.636 2592
Element: 222 0.0 0.0 0.0 0.0    873M0 -400.0 800.0 -6000.0 0.1000 0 0 0  263.718 1.627 2594
Element: 223 0.0 0.0 0.0 0.0    888M0 -400.0 800.0 -6000.0 0.1000 0 0 0  262.118 1.613 2593
Element: 224 0.0 0.0 0.0 0.0   1049M0 -400.0 800.0 -6000.0 0.1000 0 0 0  260.457 1.646 2051
Element: 225 0.0 0.0 0.0 0.0   1032M0 -400.0 800.0 -6000.0 0.1000 0 0 0  258.817 1.631 2048
Element: 226 0.0 0.0 0.0 0.0   1033M0 -400.0 800.0 -6000.0 0.1000 0 0 0  257.171 1.624 2050
Element: 227 0.0 0.0 0.0 0.0   1048M0 -400.0 800.0 -6000.0 0.1000 0 0 0  255.560 1.609 2049
Element: 228 0.0 0.0 0.0 0.0   1017M0 -400.0 800.0 -6000.0 0.1000 0 0 0  253.928 1.602 2659
Element: 229 0.0 0.0 0.0 0.0   1000M0 -400.0 800.0 -6000.0 0.1000 0 0 0  252.348 1.587 2656
Element: 230 0.0 0.0 0.0 0.0   1001M0 -400.0 800.0 -6000.0 0.1000 0 0 0  250.730 1.580 2658
Element: 231 0.0 0.0 0.0 0.0   1016M0 -400.0 800.0 -6000.0 0.1000 0 0 0  249.179 1.566 2657
Element: 232 0.0 0.0 0.0 0.0   1177M0 -400.0 800.0 -6000.0 0.1000 0 0 0  247.577 1.599 2947
Element: 233 0.0 0.0 0.0 0.0   1160M0 -400.0 800.0 -6000.0 0.1000 0 0 0  245.984 1.584 2944
Element: 234 0.0 0.0 0.0 0.0   1161M0 -400.0 800.0 -6000.0 0.1000 0 0 0  244.385 1.577 2946
Element: 235 0.0 0.0 0.0 0.0   1176M0 -400.0 800.0 -6000.0 0.1000 0 0 0  242.823 1.561 2945
Element: 236 0.0 0.0 0.0 0.0   1145M0 -400.0 800.0 -6000.0 0.1000 0 0 0  241.239 1.555 2915
Element: 237 0.0 0.0 0.0 0.0   1128M0 -400.0 800.0 -6000.0 0.1000 0 0 0  239.705 1.540 2912
Element: 238 0.0 0.0 0.0 0.0   1129M0 -400.0 800.0 -6000.0 0.1000 0 0 0  238.136 1.534 2914
Element: 239 0.0 0.0 0.0 0.0   1144M0 -400.0 800.0 -6000.0 0.1000 0 0 0  236.632 1.518 2913
Element: 240 0.0 0.0 0.0 0.0    859M0 -400.0 800.0 -6000.0 0.1000 0 0 0  235.087 1.553 2087
Element: 241 0.0 0.0 0.0 0.0    842M0 -400.0 800.0 -6000.0 0.1000 0 0 0  233.540 1.538 2084
Element: 242 0.0 0.0 0.0 0.0    843M0 -400.0 800.0 -6000.0 0.1000 0 0 0  231.989 1.531 2086
Element: 243 0.0 0.0 0.0 0.0    858M0 -400.0 800.0 -6000.0 0.1000 0 0 0  230.472 1.516 2085
Element: 244 0.0 0.0 0.0 0.0    827M0 -400.0 800.0 -6000.0 0.1000 0 0 0  228.935 1.508 2887
Element: 245 0.0 0.0 0.0 0.0    810M0 -400.0 800.0 -6000.0 0.1000 0 0 0  227.449 1.494 2884
Element: 246 0.0 0.0 0.0 0.0    811M0 -400.0 800.0 -6000.0 0.1000 0 0 0  225.925 1.487 2886
Element: 247 0.0 0.0 0.0 0.0    826M0 -400.0 800.0 -6000.0 0.1000 0 0 0  224.470 1.472 2885
Element: 248 0.0 0.0 0.0 0.0    987M0 -400.0 800.0 -6000.0 0.1000 0 0 0  222.980 1.508 2375
Element: 249 0.0 0.0 0.0 0.0    970M0 -400.0 800.0 -6000.0 0.1000 0 0 0  221.479 1.492 2372
Element: 250 0.0 0.0 0.0 0.0    971M0 -400.0 800.0 -6000.0 0.1000 0 0 0  219.974 1.486 2374
Element: 251 0.0 0.0 0.0 0.0    986M0 -400.0 800.0 -6000.0 0.1000 0 0 0  218.503 1.470 2373
Element: 252 0.0 0.0 0.0 0.0    955M0 -400.0 800.0 -6000.0 0.1000 0 0 0  217.012 1.464 2023
Element: 253 0.0 0.0 0.0 0.0    938M0 -400.0 800.0 -6000.0 0.1000 0 0 0  215.572 1.448 2020
Element: 254 0.0 0.0 0.0 0.0    939M0 -400.0 800.0 -6000.0 0.1000 0 0 0  214.094 1.442 2022
Element: 255 0.0 0.0 0.0 0.0    954M0 -400.0 800.0 -6000.0 0.1000 0 0 0  212.685 1.426 2021
Element: 256 0.0 0.0 0.0 0.0   1115M0 -400.0 800.0 -6000.0 0.1000 0 0 0  211.248 1.463 2631
Element: 257 0.0 0.0 0.0 0.0   1098M0 -400.0 800.0 -6000.0 0.1000 0 0 0  209.792 1.447 2628
Element: 258 0.0 0.0 0.0 0.0   1099M0 -400.0 800.0 -6000.0 0.1000 0 0 0  208.333 1.441 2630
Element: 259 0.0 0.0 0.0 0.0   1114M0 -400.0 800.0 -6000.0 0.1000 0 0 0  206.908 1.425 2629
Element: 260 0.0 0.0 0.0 0.0   1083M0 -400.0 800.0 -6000.0 0.1000 0 0 0  205.461 1.418 2343
Element: 261 0.0 0.0 0.0 0.0   1066M0 -400.0 800.0 -6000.0 0.1000 0 0 0  204.068 1.403 2340
Element: 262 0.0 0.0 0.0 0.0   1067M0 -400.0 800.0 -6000.0 0.1000 0 0 0  202.635 1.397 2342
Element: 263 0.0 0.0 0.0 0.0   1082M0 -400.0 800.0 -6000.0 0.1000 0 0 0  201.272 1.382 2341
Element: 264 0.0 0.0 0.0 0.0    923M0 -400.0 800.0 -6000.0 0.1000 0 0 0  199.887 1.418 2311
Element: 265 0.0 0.0 0.0 0.0    906M0 -400.0 800.0 -6000.0 0.1000 0 0 0  198.474 1.404 2308
Element: 266 0.0 0.0 0.0 0.0    907M0 -400.0 800.0 -6000.0 0.1000 0 0 0  197.060 1.397 2310
Element: 267 0.0 0.0 0.0 0.0    922M0 -400.0 800.0 -6000.0 0.1000 0 0 0  195.680 1.381 2309
Element: 268 0.0 0.0 0.0 0.0    891M0 -400.0 800.0 -6000.0 0.1000 0 0 0  194.279 1.375 2599
Element: 269 0.0 0.0 0.0 0.0    874M0 -400.0 800.0 -6000.0 0.1000 0 0 0  192.931 1.359 2596
Element: 270 0.0 0.0 0.0 0.0    875M0 -400.0 800.0 -6000.0 0.1000 0 0 0  191.541 1.352 2598
Element: 271 0.0 0.0 0.0 0.0    890M0 -400.0 800.0 -6000.0 0.1000 0 0 0  190.226 1.336 2597
Element: 272 0.0 0.0 0.0 0.0   1051M0 -400.0 800.0 -6000.0 0.1000 0 0 0  188.889 1.375 2055
Element: 273 0.0 0.0 0.0 0.0   1034M0 -400.0 800.0 -6000.0 0.1000 0 0 0  187.522 1.359 2052
Element: 274 0.0 0.0 0.0 0.0   1035M0 -400.0 800.0 -6000.0 0.1000 0 0 0  186.154 1.352 2054
Element: 275 0.0 0.0 0.0 0.0   1050M0 -400.0 800.0 -6000.0 0.1000 0 0 0  184.818 1.336 2053
Element: 276 0.0 0.0 0.0 0.0   1019M0 -400.0 800.0 -6000.0 0.1000 0 0 0  183.460 1.331 2663
Element: 277 0.0 0.0 0.0 0.0   1002M0 -400.0 800.0 -6000.0 0.1000 0 0 0  182.158 1.314 2660
Element: 278 0.0 0.0 0.0 0.0   1003M0 -400.0 800.0 -6000.0 0.1000 0 0 0  180.812 1.309 2662
Element: 279 0.0 0.0 0.0 0.0   1018M0 -400.0 800.0 -6000.0 0.1000 0 0 0  179.541 1.293 2661
Element: 280 0.0 0.0 0.0 0.0   1179M0 -400.0 800.0 -6000.0 0.1000 0 0 0  178.256 1.330 2951
Element: 281 0.0 0.0 0.0 0.0   1162M0 -400.0 800.0 -6000.0 0.1000 0 0 0  176.933 1.314 2948
Element: 282 0.0 0.0 0.0 0.0   1163M0 -400.0 800.0 -6000.0 0.1000 0 0 0  175.608 1.309 2950
Element: 283 0.0 0.0 0.0 0.0   1178M0 -400.0 800.0 -6000.0 0.1000 0 0 0  174.317 1.292 2949
Element: 284 0.0 0.0 0.0 0.0   1147M0 -400.0 800.0 -6000.0 0.1000 0 0 0  173.003 1.287 2919
Element: 285 0.0 0.0 0.0 0.0   1130M0 -400.0 800.0 -6000.0 0.1000 0 0 0  171.746 1.270 2916
Element: 286 0.0 0.0 0.0 0.0   1131M0 -400.0 800.0 -6000.0 0.1000 0 0 0  170.443 1.266 2918
Element: 287 0.0 0.0 0.0 0.0   1146M0 -400.0 800.0 -6000.0 0.1000 0 0 0  169.219 1.249 2917
Element: 288 0.0 0.0 0.0 0.0    861M0 -400.0 800.0 -6000.0 0.1000 0 0 0  167.981 1.287 2091
Element: 289 0.0 0.0 0.0 0.0    844M0 -400.0 800.0 -6000.0 0.1000 0 0 0  166.701 1.271 2088
Element: 290 0.0 0.0 0.0 0.0    845M0 -400.0 800.0 -6000.0 0.1000 0 0 0  165.421 1.265 2090
Element: 291 0.0 0.0 0.0 0.0    860M0 -400.0 800.0 -6000.0 0.1000 0 0 0  164.176 1.248 2089
Element: 292 0.0 0.0 0.0 0.0    829M0 -400.0 800.0 -6000.0 0.1000 0 0 0  162.905 1.244 2891
Element: 293 0.0 0.0 0.0 0.0    812M0 -400.0 800.0 -6000.0 0.1000 0 0 0  161.693 1.227 2888
Element: 294 0.0 0.0 0.0 0.0    813M0 -400.0 800.0 -6000.0 0.1000 0 0 0  160.432 1.222 2890
Element: 295 0.0 0.0 0.0 0.0    828M0 -400.0 800.0 -6000.0 0.1000 0 0 0  159.252 1.205 2889
Element: 296 0.0 0.0 0.0 0.0    989M0 -400.0 800.0 -6000.0 0.1000 0 0 0  158.064 1.243 2379
Element: 297 0.0 0.0 0.0 0.0    972M0 -400.0 800.0 -6000.0 0.1000 0 0 0  156.829 1.227 2376
Element: 298 0.0 0.0 0.0 0.0    973M0 -400.0 800.0 -6000.0 0.1000 0 0 0  155.592 1.223 2378
Element: 299 0.0 0.0 0.0 0.0    988M0 -400.0 800.0 -6000.0 0.1000 0 0 0  154.390 1.205 2377
Element: 300 0.0 0.0 0.0 0.0    957M0 -400.0 800.0 -6000.0 0.1000 0 0 0  153.164 1.200 2027
Element: 301 0.0 0.0 0.0 0.0    940M0 -400.0 800.0 -6000.0 0.1000 0 0 0  151.996 1.184 2024
Element: 302 0.0 0.0 0.0 0.0    941M0 -400.0 800.0 -6000.0 0.1000 0 0 0  150.779 1.179 2026
Element: 303 0.0 0.0 0.0 0.0    956M0 -400.0 800.0 -6000.0 0.1000 0 0 0  149.645 1.163 2025
Element: 304 0.0 0.0 0.0 0.0   1117M0 -400.0 800.0 -6000.0 0.1000 0 0 0  148.505 1.201 2635
Element: 305 0.0 0.0 0.0 0.0   1100M0 -400.0 800.0 -6000.0 0.1000 0 0 0  147.313 1.183 2632
Element: 306 0.0 0.0 0.0 0.0   1101M0 -400.0 800.0 -6000.0 0.1000 0 0 0  146.121 1.178 2634
Element: 307 0.0 0.0 0.0 0.0   1116M0 -400.0 800.0 -6000.0 0.1000 0 0 0  144.963 1.161 2633
Element: 308 0.0 0.0 0.0 0.0   1085M0 -400.0 800.0 -6000.0 0.1000 0 0 0  143.780 1.156 2347
Element: 309 0.0 0.0 0.0 0.0   1068M0 -400.0 800.0 -6000.0 0.1000 0 0 0  142.657 1.141 2344
Element: 310 0.0 0.0 0.0 0.0   1069M0 -400.0 800.0 -6000.0 0.1000 0 0 0  141.483 1.136 2346
Element: 311 0.0 0.0 0.0 0.0   1084M0 -400.0 800.0 -6000.0 0.1000 0 0 0  140.393 1.118 2345
Element: 312 0.0 0.0 0.0 0.0    925M0 -400.0 800.0 -6000.0 0.1000 0 0 0  139.302 1.157 2315
Element: 313 0.0 0.0 0.0 0.0    908M0 -400.0 800.0 -6000.0 0.1000 0 0 0  138.154 1.139 2312
Element: 314 0.0 0.0 0.0 0.0    909M0 -400.0 800.0 -6000.0 0.1000 0 0 0  137.006 1.134 2314
Element: 315 0.0 0.0 0.0 0.0    924M0 -400.0 800.0 -6000.0 0.1000 0 0 0  135.893 1.117 2313
Element: 316 0.0 0.0 0.0 0.0    893M0 -400.0 800.0 -6000.0 0.1000 0 0 0  134.753 1.114 2603
Element: 317 0.0 0.0 0.0 0.0    876M0 -400.0 800.0 -6000.0 0.1000 0 0 0  133.674 1.097 2600
Element: 318 0.0 0.0 0.0 0.0    877M0 -400.0 800.0 -6000.0 0.1000 0 0 0  132.544 1.092 2602
Element: 319 0.0 0.0 0.0 0.0    892M0 -400.0 800.0 -6000.0 0.1000 0 0 0  131.499 1.077 2601
Element: 320 0.0 0.0 0.0 0.0   1053M0 -400.0 800.0 -6000.0 0.1000 0 0 0  130.455 1.112 2059
Element: 321 0.0 0.0 0.0 0.0   1036M0 -400.0 800.0 -6000.0 0.1000 0 0 0  129.352 1.096 2056
Element: 322 0.0 0.0 0.0 0.0   1037M0 -400.0 800.0 -6000.0 0.1000 0 0 0  128.248 1.092 2058
Element: 323 0.0 0.0 0.0 0.0   1052M0 -400.0 800.0 -6000.0 0.1000 0 0 0  127.181 1.074 2057
Element: 324 0.0 0.0 0.0 0.0   1021M0 -400.0 800.0 -6000.0 0.1000 0 0 0  126.084 1.072 2667
Element: 325 0.0 0.0 0.0 0.0   1004M0 -400.0 800.0 -6000.0 0.1000 0 0 0  125.051 1.054 2664
Element: 326 0.0 0.0 0.0 0.0   1005M0 -400.0 800.0 -6000.0 0.1000 0 0 0  123.962 1.049 2666
Element: 327 0.0 0.0 0.0 0.0   1020M0 -400.0 800.0 -6000.0 0.1000 0 0 0  122.964 1.032 2665
##
Initialise: 
Display: 1D Nhits       96 0 96
Display: 1D NhitsPrompt 32 0 32
Display: 1D NhitsRand   32 0 32
Display: 1D Hits        328 0 328
Display: 1D HitsPrompt  328 0 328
Display: 1D HitsRand    328 0 328
Display: 1D TimeOR     1200 -400.0 800.0
Display: 1D TimeAll    1200 -400.0 800.0
#Display: 1D Time  400 -400.0 800.0   0 328
Display: 1D Eelect   1000 0 1000.0
Display: 1D ScalerCurr 328 0 328
Display: 1D ScalerAcc  328 0 328
Display: 1D Doubles  	328 0 328
Display: 1D NDoubles  	64 0 64
#Display: 2D TimeOR   200 -400.0 800.0 -1 Hits 328 0 328 -1
#Display: 2D TimeOR   200 -400.0 800.0 -1 Doubles 328 0 328 -1
Display: 2D TimeOR   600 -400.0 800.0 -1 Hits 328 0 328 -1
Display: 2D TimeOR   600 -400.0 800.0 -1 Doubles 328 0 328 -1
Display: 2D TimeAll  600 -400.0 800.0 -1 Hits 328 0 328 -1
