## Detector setup file for new FPD
########################################################################
##
##	#FP	Energy	Time	Pos
Size: 	368 	0 	1 	1
#RawHits:
#
Multi-hit: 8
#
##	Scalers	Calib	Overlap	Micro	#trig	Toff	Tres
Misc:	1	1	0	0	0	0.0	0.0
##
Window:   -20. 20. -40. -20.
Window:   -20. 20.  20.  40.
##
## N.B. No QDC information supplied
##
Element:   0 0.0 0.0 0.0 0.0    849M0 -700.0 700.0 -6000.0 0.1000 0 0 0  847.831  3.472  2067
Element:   1 0.0 0.0 0.0 0.0    832M0 -700.0 700.0 -6000.0 0.1000 0 0 0  844.516  3.484  2064
Element:   2 0.0 0.0 0.0 0.0    833M0 -700.0 700.0 -6000.0 0.1000 0 0 0  840.930  3.485  2066
Element:   3 0.0 0.0 0.0 0.0    848M0 -700.0 700.0 -6000.0 0.1000 0 0 0  837.591  3.497  2065
Element:   4 0.0 0.0 0.0 0.0    817M0 -700.0 700.0 -6000.0 0.1000 0 0 0  834.005  3.496  2867
Element:   5 0.0 0.0 0.0 0.0    800M0 -700.0 700.0 -6000.0 0.1000 0 0 0  830.642  3.508  2864
Element:   6 0.0 0.0 0.0 0.0    801M0 -700.0 700.0 -6000.0 0.1000 0 0 0  827.058  3.507  2866
Element:   7 0.0 0.0 0.0 0.0    816M0 -700.0 700.0 -6000.0 0.1000 0 0 0  823.672  3.517  2865
Element:   8 0.0 0.0 0.0 0.0    977M0 -700.0 700.0 -6000.0 0.1000 0 0 0  818.427  3.445  2355
Element:   9 0.0 0.0 0.0 0.0    960M0 -700.0 700.0 -6000.0 0.1000 0 0 0  815.129  3.455  2352
Element:  10 0.0 0.0 0.0 0.0    961M0 -700.0 700.0 -6000.0 0.1000 0 0 0  811.583  3.453  2354
Element:  11 0.0 0.0 0.0 0.0    976M0 -700.0 700.0 -6000.0 0.1000 0 0 0  808.266  3.463  2353
Element:  12 0.0 0.0 0.0 0.0    945M0 -700.0 700.0 -6000.0 0.1000 0 0 0  804.722  3.460  2003
Element:  13 0.0 0.0 0.0 0.0    928M0 -700.0 700.0 -6000.0 0.1000 0 0 0  801.387  3.469  2000
Element:  14 0.0 0.0 0.0 0.0    929M0 -700.0 700.0 -6000.0 0.1000 0 0 0  797.849  3.466  2002
Element:  15 0.0 0.0 0.0 0.0    944M0 -700.0 700.0 -6000.0 0.1000 0 0 0  794.498  3.474  2001
Element:  16 0.0 0.0 0.0 0.0   1105M0 -700.0 700.0 -6000.0 0.1000 0 0 0  789.406  3.405  2611
Element:  17 0.0 0.0 0.0 0.0   1088M0 -700.0 700.0 -6000.0 0.1000 0 0 0  786.139  3.411  2608
Element:  18 0.0 0.0 0.0 0.0   1089M0 -700.0 700.0 -6000.0 0.1000 0 0 0  782.645  3.408  2610
Element:  19 0.0 0.0 0.0 0.0   1104M0 -700.0 700.0 -6000.0 0.1000 0 0 0  779.364  3.416  2609
Element:  20 0.0 0.0 0.0 0.0   1073M0 -700.0 700.0 -6000.0 0.1000 0 0 0  775.877  3.412  2323
Element:  21 0.0 0.0 0.0 0.0   1056M0 -700.0 700.0 -6000.0 0.1000 0 0 0  772.583  3.417  2320
Element:  22 0.0 0.0 0.0 0.0   1057M0 -700.0 700.0 -6000.0 0.1000 0 0 0  769.105  3.413  2322
Element:  23 0.0 0.0 0.0 0.0   1072M0 -700.0 700.0 -6000.0 0.1000 0 0 0  765.800  3.418  2321
Element:  24 0.0 0.0 0.0 0.0    913M0 -700.0 700.0 -6000.0 0.1000 0 0 0  760.882  3.352  2291
Element:  25 0.0 0.0 0.0 0.0    896M0 -700.0 700.0 -6000.0 0.1000 0 0 0  757.658  3.356  2288
Element:  26 0.0 0.0 0.0 0.0    897M0 -700.0 700.0 -6000.0 0.1000 0 0 0  754.228  3.352  2290
Element:  27 0.0 0.0 0.0 0.0    912M0 -700.0 700.0 -6000.0 0.1000 0 0 0  750.995  3.356  2289
Element:  28 0.0 0.0 0.0 0.0    881M0 -700.0 700.0 -6000.0 0.1000 0 0 0  747.576  3.351  2579
Element:  29 0.0 0.0 0.0 0.0    864M0 -700.0 700.0 -6000.0 0.1000 0 0 0  744.335  3.354  2576
Element:  30 0.0 0.0 0.0 0.0    865M0 -700.0 700.0 -6000.0 0.1000 0 0 0  740.926  3.348  2578
Element:  31 0.0 0.0 0.0 0.0    880M0 -700.0 700.0 -6000.0 0.1000 0 0 0  737.681  3.351  2577
Element:  32 0.0 0.0 0.0 0.0   1041M0 -700.0 700.0 -6000.0 0.1000 0 0 0  732.951  3.290  2035
Element:  33 0.0 0.0 0.0 0.0   1024M0 -700.0 700.0 -6000.0 0.1000 0 0 0  729.780  3.293  2032
Element:  34 0.0 0.0 0.0 0.0   1025M0 -700.0 700.0 -6000.0 0.1000 0 0 0  726.423  3.286  2034
Element:  35 0.0 0.0 0.0 0.0   1040M0 -700.0 700.0 -6000.0 0.1000 0 0 0  723.249  3.288  2033
Element:  36 0.0 0.0 0.0 0.0   1009M0 -700.0 700.0 -6000.0 0.1000 0 0 0  719.906  3.281  2643
Element:  37 0.0 0.0 0.0 0.0    992M0 -700.0 700.0 -6000.0 0.1000 0 0 0  716.729  3.282  2640
Element:  38 0.0 0.0 0.0 0.0    993M0 -700.0 700.0 -6000.0 0.1000 0 0 0  713.398  3.275  2642
Element:  39 0.0 0.0 0.0 0.0   1008M0 -700.0 700.0 -6000.0 0.1000 0 0 0  710.220  3.275  2641
Element:  40 0.0 0.0 0.0 0.0   1169M0 -700.0 700.0 -6000.0 0.1000 0 0 0  705.686  3.220  2931
Element:  41 0.0 0.0 0.0 0.0   1152M0 -700.0 700.0 -6000.0 0.1000 0 0 0  702.577  3.220  2928
Element:  42 0.0 0.0 0.0 0.0   1153M0 -700.0 700.0 -6000.0 0.1000 0 0 0  699.302  3.213  2930
Element:  43 0.0 0.0 0.0 0.0   1168M0 -700.0 700.0 -6000.0 0.1000 0 0 0  696.193  3.212  2929
Element:  44 0.0 0.0 0.0 0.0   1137M0 -700.0 700.0 -6000.0 0.1000 0 0 0  692.932  3.204  2899
Element:  45 0.0 0.0 0.0 0.0   1120M0 -700.0 700.0 -6000.0 0.1000 0 0 0  689.826  3.203  2896
Element:  46 0.0 0.0 0.0 0.0   1121M0 -700.0 700.0 -6000.0 0.1000 0 0 0  686.580  3.195  2898
Element:  47 0.0 0.0 0.0 0.0   1136M0 -700.0 700.0 -6000.0 0.1000 0 0 0  683.477  3.193  2897
Element:  48 0.0 0.0 0.0 0.0    851M0 -700.0 700.0 -6000.0 0.1000 0 0 0  679.143  3.143  2071
Element:  49 0.0 0.0 0.0 0.0    834M0 -700.0 700.0 -6000.0 0.1000 0 0 0  676.102  3.142  2068
Element:  50 0.0 0.0 0.0 0.0    835M0 -700.0 700.0 -6000.0 0.1000 0 0 0  672.912  3.133  2070
Element:  51 0.0 0.0 0.0 0.0    850M0 -700.0 700.0 -6000.0 0.1000 0 0 0  669.876  3.131  2069
Element:  52 0.0 0.0 0.0 0.0    819M0 -700.0 700.0 -6000.0 0.1000 0 0 0  666.703  3.122  2871
Element:  53 0.0 0.0 0.0 0.0    802M0 -700.0 700.0 -6000.0 0.1000 0 0 0  663.672  3.119  2868
Element:  54 0.0 0.0 0.0 0.0    803M0 -700.0 700.0 -6000.0 0.1000 0 0 0  660.516  3.111  2870
Element:  55 0.0 0.0 0.0 0.0    818M0 -700.0 700.0 -6000.0 0.1000 0 0 0  657.493  3.107  2869
Element:  56 0.0 0.0 0.0 0.0    979M0 -700.0 700.0 -6000.0 0.1000 0 0 0  653.357  3.063  2359
Element:  57 0.0 0.0 0.0 0.0    962M0 -700.0 700.0 -6000.0 0.1000 0 0 0  650.389  3.060  2356
Element:  58 0.0 0.0 0.0 0.0    963M0 -700.0 700.0 -6000.0 0.1000 0 0 0  647.289  3.050  2358
Element:  59 0.0 0.0 0.0 0.0    978M0 -700.0 700.0 -6000.0 0.1000 0 0 0  644.212  3.046  2357
Element:  60 0.0 0.0 0.0 0.0    947M0 -700.0 700.0 -6000.0 0.1000 0 0 0  641.051  3.037  2007
Element:  61 0.0 0.0 0.0 0.0    930M0 -700.0 700.0 -6000.0 0.1000 0 0 0  638.019  3.032  2004
Element:  62 0.0 0.0 0.0 0.0    931M0 -700.0 700.0 -6000.0 0.1000 0 0 0  634.876  3.023  2006
Element:  63 0.0 0.0 0.0 0.0    946M0 -700.0 700.0 -6000.0 0.1000 0 0 0  631.856  3.017  2005
Element:  64 0.0 0.0 0.0 0.0   1107M0 -700.0 700.0 -6000.0 0.1000 0 0 0  627.838  2.980  2615
Element:  65 0.0 0.0 0.0 0.0   1090M0 -700.0 700.0 -6000.0 0.1000 0 0 0  624.867  2.975  2612
Element:  66 0.0 0.0 0.0 0.0   1091M0 -700.0 700.0 -6000.0 0.1000 0 0 0  621.780  2.966  2614
Element:  67 0.0 0.0 0.0 0.0   1106M0 -700.0 700.0 -6000.0 0.1000 0 0 0  618.820  2.960  2613
Element:  68 0.0 0.0 0.0 0.0   1075M0 -700.0 700.0 -6000.0 0.1000 0 0 0  615.753  2.950  2327
Element:  69 0.0 0.0 0.0 0.0   1058M0 -700.0 700.0 -6000.0 0.1000 0 0 0  612.806  2.943  2324
Element:  70 0.0 0.0 0.0 0.0   1059M0 -700.0 700.0 -6000.0 0.1000 0 0 0  609.758  2.934  2326
Element:  71 0.0 0.0 0.0 0.0   1074M0 -700.0 700.0 -6000.0 0.1000 0 0 0  606.825  2.927  2325
Element:  72 0.0 0.0 0.0 0.0    915M0 -700.0 700.0 -6000.0 0.1000 0 0 0  602.996  2.895  2295
Element:  73 0.0 0.0 0.0 0.0    898M0 -700.0 700.0 -6000.0 0.1000 0 0 0  600.105  2.890  2292
Element:  74 0.0 0.0 0.0 0.0    899M0 -700.0 700.0 -6000.0 0.1000 0 0 0  597.112  2.880  2294
Element:  75 0.0 0.0 0.0 0.0    914M0 -700.0 700.0 -6000.0 0.1000 0 0 0  594.235  2.873  2293
Element:  76 0.0 0.0 0.0 0.0    883M0 -700.0 700.0 -6000.0 0.1000 0 0 0  591.261  2.863  2583
Element:  77 0.0 0.0 0.0 0.0    866M0 -700.0 700.0 -6000.0 0.1000 0 0 0  588.399  2.855  2580
Element:  78 0.0 0.0 0.0 0.0    867M0 -700.0 700.0 -6000.0 0.1000 0 0 0  585.446  2.845  2582
Element:  79 0.0 0.0 0.0 0.0    882M0 -700.0 700.0 -6000.0 0.1000 0 0 0  582.600  2.837  2581
Element:  80 0.0 0.0 0.0 0.0   1043M0 -700.0 700.0 -6000.0 0.1000 0 0 0  578.955  2.812  2039
Element:  81 0.0 0.0 0.0 0.0   1026M0 -700.0 700.0 -6000.0 0.1000 0 0 0  576.144  2.804  2036
Element:  82 0.0 0.0 0.0 0.0   1027M0 -700.0 700.0 -6000.0 0.1000 0 0 0  573.253  2.794  2038
Element:  83 0.0 0.0 0.0 0.0   1042M0 -700.0 700.0 -6000.0 0.1000 0 0 0  570.493  2.786  2037
Element:  84 0.0 0.0 0.0 0.0   1011M0 -700.0 700.0 -6000.0 0.1000 0 0 0  567.647  2.776  2647
Element:  85 0.0 0.0 0.0 0.0    994M0 -700.0 700.0 -6000.0 0.1000 0 0 0  564.903  2.768  2644
Element:  86 0.0 0.0 0.0 0.0    995M0 -700.0 700.0 -6000.0 0.1000 0 0 0  562.076  2.757  2646
Element:  87 0.0 0.0 0.0 0.0   1010M0 -700.0 700.0 -6000.0 0.1000 0 0 0  559.350  2.748  2645
Element:  88 0.0 0.0 0.0 0.0   1171M0 -700.0 700.0 -6000.0 0.1000 0 0 0  555.911  2.729  2935
Element:  89 0.0 0.0 0.0 0.0   1154M0 -700.0 700.0 -6000.0 0.1000 0 0 0  553.214  2.719  2932
Element:  90 0.0 0.0 0.0 0.0   1155M0 -700.0 700.0 -6000.0 0.1000 0 0 0  550.436  2.710  2934
Element:  91 0.0 0.0 0.0 0.0   1170M0 -700.0 700.0 -6000.0 0.1000 0 0 0  547.756  2.701  2933
Element:  92 0.0 0.0 0.0 0.0   1139M0 -700.0 700.0 -6000.0 0.1000 0 0 0  545.000  2.691  2903
Element:  93 0.0 0.0 0.0 0.0   1122M0 -700.0 700.0 -6000.0 0.1000 0 0 0  542.339  2.681  2900
Element:  94 0.0 0.0 0.0 0.0   1123M0 -700.0 700.0 -6000.0 0.1000 0 0 0  539.602  2.671  2902
Element:  95 0.0 0.0 0.0 0.0   1138M0 -700.0 700.0 -6000.0 0.1000 0 0 0  536.961  2.661  2901
Element:  96 0.0 0.0 0.0 0.0    853M0 -700.0 700.0 -6000.0 0.1000 0 0 0  533.683  2.646  2075
Element:  97 0.0 0.0 0.0 0.0    836M0 -700.0 700.0 -6000.0 0.1000 0 0 0  531.064  2.637  2072
Element:  98 0.0 0.0 0.0 0.0    837M0 -700.0 700.0 -6000.0 0.1000 0 0 0  528.374  2.627  2074
Element:  99 0.0 0.0 0.0 0.0    852M0 -700.0 700.0 -6000.0 0.1000 0 0 0  525.774  2.617  2073
Element: 100 0.0 0.0 0.0 0.0    821M0 -700.0 700.0 -6000.0 0.1000 0 0 0  523.105  2.607  2875
Element: 101 0.0 0.0 0.0 0.0    804M0 -700.0 700.0 -6000.0 0.1000 0 0 0  520.525  2.597  2872
Element: 102 0.0 0.0 0.0 0.0    805M0 -700.0 700.0 -6000.0 0.1000 0 0 0  517.876  2.586  2874
Element: 103 0.0 0.0 0.0 0.0    820M0 -700.0 700.0 -6000.0 0.1000 0 0 0  515.317  2.576  2873
Element: 104 0.0 0.0 0.0 0.0    981M0 -700.0 700.0 -6000.0 0.1000 0 0 0  512.191  2.567  2363
Element: 105 0.0 0.0 0.0 0.0    964M0 -700.0 700.0 -6000.0 0.1000 0 0 0  509.649  2.557  2360
Element: 106 0.0 0.0 0.0 0.0    965M0 -700.0 700.0 -6000.0 0.1000 0 0 0  507.043  2.547  2362
Element: 107 0.0 0.0 0.0 0.0    980M0 -700.0 700.0 -6000.0 0.1000 0 0 0  504.521  2.536  2361
Element: 108 0.0 0.0 0.0 0.0    949M0 -700.0 700.0 -6000.0 0.1000 0 0 0  501.937  2.526  2011
Element: 109 0.0 0.0 0.0 0.0    932M0 -700.0 700.0 -6000.0 0.1000 0 0 0  499.436  2.515  2008
Element: 110 0.0 0.0 0.0 0.0    933M0 -700.0 700.0 -6000.0 0.1000 0 0 0  496.872  2.505  2010
Element: 111 0.0 0.0 0.0 0.0    948M0 -700.0 700.0 -6000.0 0.1000 0 0 0  494.393  2.494  2009
Element: 112 0.0 0.0 0.0 0.0   1109M0 -700.0 700.0 -6000.0 0.1000 0 0 0  491.411  2.489  2619
Element: 113 0.0 0.0 0.0 0.0   1092M0 -700.0 700.0 -6000.0 0.1000 0 0 0  488.943  2.479  2616
Element: 114 0.0 0.0 0.0 0.0   1093M0 -700.0 700.0 -6000.0 0.1000 0 0 0  486.420  2.469  2618
Element: 115 0.0 0.0 0.0 0.0   1108M0 -700.0 700.0 -6000.0 0.1000 0 0 0  483.973  2.457  2617
Element: 116 0.0 0.0 0.0 0.0   1077M0 -700.0 700.0 -6000.0 0.1000 0 0 0  481.471  2.447  2331
Element: 117 0.0 0.0 0.0 0.0   1060M0 -700.0 700.0 -6000.0 0.1000 0 0 0  479.047  2.437  2328
Element: 118 0.0 0.0 0.0 0.0   1061M0 -700.0 700.0 -6000.0 0.1000 0 0 0  476.564  2.426  2330
Element: 119 0.0 0.0 0.0 0.0   1076M0 -700.0 700.0 -6000.0 0.1000 0 0 0  474.163  2.415  2329
Element: 120 0.0 0.0 0.0 0.0    917M0 -700.0 700.0 -6000.0 0.1000 0 0 0  471.317  2.414  2299
Element: 121 0.0 0.0 0.0 0.0    900M0 -700.0 700.0 -6000.0 0.1000 0 0 0  468.921  2.403  2296
Element: 122 0.0 0.0 0.0 0.0    901M0 -700.0 700.0 -6000.0 0.1000 0 0 0  466.477  2.394  2298
Element: 123 0.0 0.0 0.0 0.0    916M0 -700.0 700.0 -6000.0 0.1000 0 0 0  464.104  2.382  2297
Element: 124 0.0 0.0 0.0 0.0    885M0 -700.0 700.0 -6000.0 0.1000 0 0 0  461.679  2.372  2587
Element: 125 0.0 0.0 0.0 0.0    868M0 -700.0 700.0 -6000.0 0.1000 0 0 0  459.329  2.360  2584
Element: 126 0.0 0.0 0.0 0.0    869M0 -700.0 700.0 -6000.0 0.1000 0 0 0  456.925  2.351  2586
Element: 127 0.0 0.0 0.0 0.0    884M0 -700.0 700.0 -6000.0 0.1000 0 0 0  454.599  2.338  2585
Element: 128 0.0 0.0 0.0 0.0   1045M0 -700.0 700.0 -6000.0 0.1000 0 0 0  451.879  2.342  2043
Element: 129 0.0 0.0 0.0 0.0   1028M0 -700.0 700.0 -6000.0 0.1000 0 0 0  449.554  2.331  2040
Element: 130 0.0 0.0 0.0 0.0   1029M0 -700.0 700.0 -6000.0 0.1000 0 0 0  447.185  2.321  2042
Element: 131 0.0 0.0 0.0 0.0   1044M0 -700.0 700.0 -6000.0 0.1000 0 0 0  444.883  2.309  2041
Element: 132 0.0 0.0 0.0 0.0   1013M0 -700.0 700.0 -6000.0 0.1000 0 0 0  442.534  2.299  2651
Element: 133 0.0 0.0 0.0 0.0    996M0 -700.0 700.0 -6000.0 0.1000 0 0 0  440.256  2.287  2648
Element: 134 0.0 0.0 0.0 0.0    997M0 -700.0 700.0 -6000.0 0.1000 0 0 0  437.927  2.277  2650
Element: 135 0.0 0.0 0.0 0.0   1012M0 -700.0 700.0 -6000.0 0.1000 0 0 0  435.673  2.265  2649
Element: 136 0.0 0.0 0.0 0.0   1173M0 -700.0 700.0 -6000.0 0.1000 0 0 0  433.072  2.272  2939
Element: 137 0.0 0.0 0.0 0.0   1156M0 -700.0 700.0 -6000.0 0.1000 0 0 0  430.814  2.261  2936
Element: 138 0.0 0.0 0.0 0.0   1157M0 -700.0 700.0 -6000.0 0.1000 0 0 0  428.518  2.251  2938
Element: 139 0.0 0.0 0.0 0.0   1172M0 -700.0 700.0 -6000.0 0.1000 0 0 0  426.284  2.239  2937
Element: 140 0.0 0.0 0.0 0.0   1141M0 -700.0 700.0 -6000.0 0.1000 0 0 0  424.008  2.229  2907
Element: 141 0.0 0.0 0.0 0.0   1124M0 -700.0 700.0 -6000.0 0.1000 0 0 0  421.799  2.217  2904
Element: 142 0.0 0.0 0.0 0.0   1125M0 -700.0 700.0 -6000.0 0.1000 0 0 0  419.541  2.207  2906
Element: 143 0.0 0.0 0.0 0.0   1140M0 -700.0 700.0 -6000.0 0.1000 0 0 0  417.357  2.195  2905
Element: 144 0.0 0.0 0.0 0.0    855M0 -700.0 700.0 -6000.0 0.1000 0 0 0  414.868  2.206  2079
Element: 145 0.0 0.0 0.0 0.0    838M0 -700.0 700.0 -6000.0 0.1000 0 0 0  412.675  2.193  2076
Element: 146 0.0 0.0 0.0 0.0    839M0 -700.0 700.0 -6000.0 0.1000 0 0 0  410.449  2.183  2078
Element: 147 0.0 0.0 0.0 0.0    854M0 -700.0 700.0 -6000.0 0.1000 0 0 0  408.281  2.171  2077
Element: 148 0.0 0.0 0.0 0.0    823M0 -700.0 700.0 -6000.0 0.1000 0 0 0  406.074  2.162  2879
Element: 149 0.0 0.0 0.0 0.0    806M0 -700.0 700.0 -6000.0 0.1000 0 0 0  403.932  2.149  2876
Element: 150 0.0 0.0 0.0 0.0    807M0 -700.0 700.0 -6000.0 0.1000 0 0 0  401.743  2.140  2878
Element: 151 0.0 0.0 0.0 0.0    822M0 -700.0 700.0 -6000.0 0.1000 0 0 0  399.626  2.127  2877
Element: 152 0.0 0.0 0.0 0.0    983M0 -700.0 700.0 -6000.0 0.1000 0 0 0  397.240  2.141  2367
Element: 153 0.0 0.0 0.0 0.0    966M0 -700.0 700.0 -6000.0 0.1000 0 0 0  395.110  2.128  2364
Element: 154 0.0 0.0 0.0 0.0    967M0 -700.0 700.0 -6000.0 0.1000 0 0 0  392.952  2.119  2366
Element: 155 0.0 0.0 0.0 0.0    982M0 -700.0 700.0 -6000.0 0.1000 0 0 0  390.847  2.106  2365
Element: 156 0.0 0.0 0.0 0.0    951M0 -700.0 700.0 -6000.0 0.1000 0 0 0  388.707  2.097  2015
Element: 157 0.0 0.0 0.0 0.0    934M0 -700.0 700.0 -6000.0 0.1000 0 0 0  386.628  2.084  2012
Element: 158 0.0 0.0 0.0 0.0    935M0 -700.0 700.0 -6000.0 0.1000 0 0 0  384.506  2.075  2014
Element: 159 0.0 0.0 0.0 0.0    950M0 -700.0 700.0 -6000.0 0.1000 0 0 0  382.454  2.062  2013
Element: 160 0.0 0.0 0.0 0.0   1111M0 -700.0 700.0 -6000.0 0.1000 0 0 0  380.165  2.079  2623
Element: 161 0.0 0.0 0.0 0.0   1094M0 -700.0 700.0 -6000.0 0.1000 0 0 0  378.095  2.065  2620
Element: 162 0.0 0.0 0.0 0.0   1095M0 -700.0 700.0 -6000.0 0.1000 0 0 0  376.001  2.057  2622
Element: 163 0.0 0.0 0.0 0.0   1110M0 -700.0 700.0 -6000.0 0.1000 0 0 0  373.958  2.044  2621
Element: 164 0.0 0.0 0.0 0.0   1079M0 -700.0 700.0 -6000.0 0.1000 0 0 0  371.881  2.035  2335
Element: 165 0.0 0.0 0.0 0.0   1062M0 -700.0 700.0 -6000.0 0.1000 0 0 0  369.864  2.022  2332
Element: 166 0.0 0.0 0.0 0.0   1063M0 -700.0 700.0 -6000.0 0.1000 0 0 0  367.806  2.012  2334
Element: 167 0.0 0.0 0.0 0.0   1078M0 -700.0 700.0 -6000.0 0.1000 0 0 0  365.815  1.999  2333
Element: 168 0.0 0.0 0.0 0.0    919M0 -700.0 700.0 -6000.0 0.1000 0 0 0  363.617  2.019  2303
Element: 169 0.0 0.0 0.0 0.0    902M0 -700.0 700.0 -6000.0 0.1000 0 0 0  361.607  2.005  2300
Element: 170 0.0 0.0 0.0 0.0    903M0 -700.0 700.0 -6000.0 0.1000 0 0 0  359.574  1.997  2302
Element: 171 0.0 0.0 0.0 0.0    918M0 -700.0 700.0 -6000.0 0.1000 0 0 0  357.590  1.984  2301
Element: 172 0.0 0.0 0.0 0.0    887M0 -700.0 700.0 -6000.0 0.1000 0 0 0  355.575  1.975  2591
Element: 173 0.0 0.0 0.0 0.0    870M0 -700.0 700.0 -6000.0 0.1000 0 0 0  353.617  1.961  2588
Element: 174 0.0 0.0 0.0 0.0    871M0 -700.0 700.0 -6000.0 0.1000 0 0 0  351.620  1.953  2590
Element: 175 0.0 0.0 0.0 0.0    886M0 -700.0 700.0 -6000.0 0.1000 0 0 0  349.690  1.939  2589
Element: 176 0.0 0.0 0.0 0.0   1047M0 -700.0 700.0 -6000.0 0.1000 0 0 0  347.578  1.961  2047
Element: 177 0.0 0.0 0.0 0.0   1030M0 -700.0 700.0 -6000.0 0.1000 0 0 0  345.624  1.947  2044
Element: 178 0.0 0.0 0.0 0.0   1031M0 -700.0 700.0 -6000.0 0.1000 0 0 0  343.651  1.939  2046
Element: 179 0.0 0.0 0.0 0.0   1046M0 -700.0 700.0 -6000.0 0.1000 0 0 0  341.724  1.925  2045
Element: 180 0.0 0.0 0.0 0.0   1015M0 -700.0 700.0 -6000.0 0.1000 0 0 0  339.767  1.917  2655
Element: 181 0.0 0.0 0.0 0.0    998M0 -700.0 700.0 -6000.0 0.1000 0 0 0  337.868  1.903  2652
Element: 182 0.0 0.0 0.0 0.0    999M0 -700.0 700.0 -6000.0 0.1000 0 0 0  335.928  1.895  2654
Element: 183 0.0 0.0 0.0 0.0   1014M0 -700.0 700.0 -6000.0 0.1000 0 0 0  334.056  1.881  2653
Element: 184 0.0 0.0 0.0 0.0   1175M0 -700.0 700.0 -6000.0 0.1000 0 0 0  332.025  1.905  2943
Element: 185 0.0 0.0 0.0 0.0   1158M0 -700.0 700.0 -6000.0 0.1000 0 0 0  330.126  1.891  2940
Element: 186 0.0 0.0 0.0 0.0   1159M0 -700.0 700.0 -6000.0 0.1000 0 0 0  328.209  1.883  2942
Element: 187 0.0 0.0 0.0 0.0   1174M0 -700.0 700.0 -6000.0 0.1000 0 0 0  326.363  1.869  2941
Element: 188 0.0 0.0 0.0 0.0   1143M0 -700.0 700.0 -6000.0 0.1000 0 0 0  324.477  1.862  2911
Element: 189 0.0 0.0 0.0 0.0   1126M0 -700.0 700.0 -6000.0 0.1000 0 0 0  322.646  1.848  2908
Element: 190 0.0 0.0 0.0 0.0   1127M0 -700.0 700.0 -6000.0 0.1000 0 0 0  320.776  1.839  2910
Element: 191 0.0 0.0 0.0 0.0   1142M0 -700.0 700.0 -6000.0 0.1000 0 0 0  318.973  1.826  2909
Element: 192 0.0 0.0 0.0 0.0    857M0 -700.0 700.0 -6000.0 0.1000 0 0 0  317.032  1.851  2083
Element: 193 0.0 0.0 0.0 0.0    840M0 -700.0 700.0 -6000.0 0.1000 0 0 0  315.199  1.837  2080
Element: 194 0.0 0.0 0.0 0.0    841M0 -700.0 700.0 -6000.0 0.1000 0 0 0  313.351  1.830  2082
Element: 195 0.0 0.0 0.0 0.0    856M0 -700.0 700.0 -6000.0 0.1000 0 0 0  311.546  1.816  2081
Element: 196 0.0 0.0 0.0 0.0    825M0 -700.0 700.0 -6000.0 0.1000 0 0 0  309.714  1.807  2883
Element: 197 0.0 0.0 0.0 0.0    808M0 -700.0 700.0 -6000.0 0.1000 0 0 0  307.937  1.793  2880
Element: 198 0.0 0.0 0.0 0.0    809M0 -700.0 700.0 -6000.0 0.1000 0 0 0  306.122  1.786  2882
Element: 199 0.0 0.0 0.0 0.0    824M0 -700.0 700.0 -6000.0 0.1000 0 0 0  304.373  1.771  2881
Element: 200 0.0 0.0 0.0 0.0    985M0 -700.0 700.0 -6000.0 0.1000 0 0 0  302.502  1.799  2371
Element: 201 0.0 0.0 0.0 0.0    968M0 -700.0 700.0 -6000.0 0.1000 0 0 0  300.721  1.786  2368
Element: 202 0.0 0.0 0.0 0.0    969M0 -700.0 700.0 -6000.0 0.1000 0 0 0  298.926  1.777  2370
Element: 203 0.0 0.0 0.0 0.0    984M0 -700.0 700.0 -6000.0 0.1000 0 0 0  297.173  1.763  2369
Element: 204 0.0 0.0 0.0 0.0    953M0 -700.0 700.0 -6000.0 0.1000 0 0 0  295.394  1.755  2019
Element: 205 0.0 0.0 0.0 0.0    936M0 -700.0 700.0 -6000.0 0.1000 0 0 0  293.669  1.741  2016
Element: 206 0.0 0.0 0.0 0.0    937M0 -700.0 700.0 -6000.0 0.1000 0 0 0  291.906  1.733  2018
Element: 207 0.0 0.0 0.0 0.0    952M0 -700.0 700.0 -6000.0 0.1000 0 0 0  290.210  1.719  2017
Element: 208 0.0 0.0 0.0 0.0   1113M0 -700.0 700.0 -6000.0 0.1000 0 0 0  288.408  1.748  2627
Element: 209 0.0 0.0 0.0 0.0   1096M0 -700.0 700.0 -6000.0 0.1000 0 0 0  286.676  1.734  2624
Element: 210 0.0 0.0 0.0 0.0   1097M0 -700.0 700.0 -6000.0 0.1000 0 0 0  284.933  1.727  2626
Element: 211 0.0 0.0 0.0 0.0   1112M0 -700.0 700.0 -6000.0 0.1000 0 0 0  283.230  1.712  2625
Element: 212 0.0 0.0 0.0 0.0   1081M0 -700.0 700.0 -6000.0 0.1000 0 0 0  281.502  1.704  2339
Element: 213 0.0 0.0 0.0 0.0   1064M0 -700.0 700.0 -6000.0 0.1000 0 0 0  279.828  1.690  2336
Element: 214 0.0 0.0 0.0 0.0   1065M0 -700.0 700.0 -6000.0 0.1000 0 0 0  278.116  1.682  2338
Element: 215 0.0 0.0 0.0 0.0   1080M0 -700.0 700.0 -6000.0 0.1000 0 0 0  276.470  1.668  2337
Element: 216 0.0 0.0 0.0 0.0    921M0 -700.0 700.0 -6000.0 0.1000 0 0 0  274.734  1.699  2307
Element: 217 0.0 0.0 0.0 0.0    904M0 -700.0 700.0 -6000.0 0.1000 0 0 0  273.051  1.685  2304
Element: 218 0.0 0.0 0.0 0.0    905M0 -700.0 700.0 -6000.0 0.1000 0 0 0  271.358  1.677  2306
Element: 219 0.0 0.0 0.0 0.0    920M0 -700.0 700.0 -6000.0 0.1000 0 0 0  269.704  1.662  2305
Element: 220 0.0 0.0 0.0 0.0    889M0 -700.0 700.0 -6000.0 0.1000 0 0 0  268.026  1.655  2595
Element: 221 0.0 0.0 0.0 0.0    872M0 -700.0 700.0 -6000.0 0.1000 0 0 0  266.402  1.640  2592
Element: 222 0.0 0.0 0.0 0.0    873M0 -700.0 700.0 -6000.0 0.1000 0 0 0  264.739  1.633  2594
Element: 223 0.0 0.0 0.0 0.0    888M0 -700.0 700.0 -6000.0 0.1000 0 0 0  263.143  1.618  2593
Element: 224 0.0 0.0 0.0 0.0   1049M0 -700.0 700.0 -6000.0 0.1000 0 0 0  261.468  1.651  2051
Element: 225 0.0 0.0 0.0 0.0   1032M0 -700.0 700.0 -6000.0 0.1000 0 0 0  259.833  1.636  2048
Element: 226 0.0 0.0 0.0 0.0   1033M0 -700.0 700.0 -6000.0 0.1000 0 0 0  258.189  1.629  2050
Element: 227 0.0 0.0 0.0 0.0   1048M0 -700.0 700.0 -6000.0 0.1000 0 0 0  256.583  1.613  2049
Element: 228 0.0 0.0 0.0 0.0   1017M0 -700.0 700.0 -6000.0 0.1000 0 0 0  254.954  1.607  2659
Element: 229 0.0 0.0 0.0 0.0   1000M0 -700.0 700.0 -6000.0 0.1000 0 0 0  253.378  1.591  2656
Element: 230 0.0 0.0 0.0 0.0   1001M0 -700.0 700.0 -6000.0 0.1000 0 0 0  251.762  1.585  2658
Element: 231 0.0 0.0 0.0 0.0   1016M0 -700.0 700.0 -6000.0 0.1000 0 0 0  250.216  1.570  2657
Element: 232 0.0 0.0 0.0 0.0   1177M0 -700.0 700.0 -6000.0 0.1000 0 0 0  248.599  1.604  2947
Element: 233 0.0 0.0 0.0 0.0   1160M0 -700.0 700.0 -6000.0 0.1000 0 0 0  247.011  1.589  2944
Element: 234 0.0 0.0 0.0 0.0   1161M0 -700.0 700.0 -6000.0 0.1000 0 0 0  245.415  1.582  2946
Element: 235 0.0 0.0 0.0 0.0   1176M0 -700.0 700.0 -6000.0 0.1000 0 0 0  243.857  1.567  2945
Element: 236 0.0 0.0 0.0 0.0   1145M0 -700.0 700.0 -6000.0 0.1000 0 0 0  242.274  1.560  2915
Element: 237 0.0 0.0 0.0 0.0   1128M0 -700.0 700.0 -6000.0 0.1000 0 0 0  240.746  1.544  2912
Element: 238 0.0 0.0 0.0 0.0   1129M0 -700.0 700.0 -6000.0 0.1000 0 0 0  239.177  1.537  2914
Element: 239 0.0 0.0 0.0 0.0   1144M0 -700.0 700.0 -6000.0 0.1000 0 0 0  237.679  1.522  2913
Element: 240 0.0 0.0 0.0 0.0    859M0 -700.0 700.0 -6000.0 0.1000 0 0 0  236.120  1.557  2087
Element: 241 0.0 0.0 0.0 0.0    842M0 -700.0 700.0 -6000.0 0.1000 0 0 0  234.578  1.542  2084
Element: 242 0.0 0.0 0.0 0.0    843M0 -700.0 700.0 -6000.0 0.1000 0 0 0  233.028  1.535  2086
Element: 243 0.0 0.0 0.0 0.0    858M0 -700.0 700.0 -6000.0 0.1000 0 0 0  231.516  1.519  2085
Element: 244 0.0 0.0 0.0 0.0    827M0 -700.0 700.0 -6000.0 0.1000 0 0 0  229.979  1.514  2887
Element: 245 0.0 0.0 0.0 0.0    810M0 -700.0 700.0 -6000.0 0.1000 0 0 0  228.498  1.499  2884
Element: 246 0.0 0.0 0.0 0.0    811M0 -700.0 700.0 -6000.0 0.1000 0 0 0  226.975  1.491  2886
Element: 247 0.0 0.0 0.0 0.0    826M0 -700.0 700.0 -6000.0 0.1000 0 0 0  225.524  1.477  2885
Element: 248 0.0 0.0 0.0 0.0    987M0 -700.0 700.0 -6000.0 0.1000 0 0 0  224.021  1.511  2375
Element: 249 0.0 0.0 0.0 0.0    970M0 -700.0 700.0 -6000.0 0.1000 0 0 0  222.524  1.496  2372
Element: 250 0.0 0.0 0.0 0.0    971M0 -700.0 700.0 -6000.0 0.1000 0 0 0  221.020  1.489  2374
Element: 251 0.0 0.0 0.0 0.0    986M0 -700.0 700.0 -6000.0 0.1000 0 0 0  219.554  1.474  2373
Element: 252 0.0 0.0 0.0 0.0    955M0 -700.0 700.0 -6000.0 0.1000 0 0 0  218.063  1.467  2023
Element: 253 0.0 0.0 0.0 0.0    938M0 -700.0 700.0 -6000.0 0.1000 0 0 0  216.628  1.452  2020
Element: 254 0.0 0.0 0.0 0.0    939M0 -700.0 700.0 -6000.0 0.1000 0 0 0  215.150  1.446  2022
Element: 255 0.0 0.0 0.0 0.0    954M0 -700.0 700.0 -6000.0 0.1000 0 0 0  213.746  1.430  2021
Element: 256 0.0 0.0 0.0 0.0   1115M0 -700.0 700.0 -6000.0 0.1000 0 0 0  212.296  1.467  2631
Element: 257 0.0 0.0 0.0 0.0   1098M0 -700.0 700.0 -6000.0 0.1000 0 0 0  210.843  1.451  2628
Element: 258 0.0 0.0 0.0 0.0   1099M0 -700.0 700.0 -6000.0 0.1000 0 0 0  209.385  1.444  2630
Element: 259 0.0 0.0 0.0 0.0   1114M0 -700.0 700.0 -6000.0 0.1000 0 0 0  207.964  1.429  2629
Element: 260 0.0 0.0 0.0 0.0   1083M0 -700.0 700.0 -6000.0 0.1000 0 0 0  206.518  1.422  2343
Element: 261 0.0 0.0 0.0 0.0   1066M0 -700.0 700.0 -6000.0 0.1000 0 0 0  205.128  1.409  2340
Element: 262 0.0 0.0 0.0 0.0   1067M0 -700.0 700.0 -6000.0 0.1000 0 0 0  203.695  1.401  2342
Element: 263 0.0 0.0 0.0 0.0   1082M0 -700.0 700.0 -6000.0 0.1000 0 0 0  202.337  1.385  2341
Element: 264 0.0 0.0 0.0 0.0    923M0 -700.0 700.0 -6000.0 0.1000 0 0 0  200.938  1.422  2311
Element: 265 0.0 0.0 0.0 0.0    906M0 -700.0 700.0 -6000.0 0.1000 0 0 0  199.530  1.407  2308
Element: 266 0.0 0.0 0.0 0.0    907M0 -700.0 700.0 -6000.0 0.1000 0 0 0  198.116  1.401  2310
Element: 267 0.0 0.0 0.0 0.0    922M0 -700.0 700.0 -6000.0 0.1000 0 0 0  196.740  1.385  2309
Element: 268 0.0 0.0 0.0 0.0    891M0 -700.0 700.0 -6000.0 0.1000 0 0 0  195.338  1.378  2599
Element: 269 0.0 0.0 0.0 0.0    874M0 -700.0 700.0 -6000.0 0.1000 0 0 0  193.994  1.362  2596
Element: 270 0.0 0.0 0.0 0.0    875M0 -700.0 700.0 -6000.0 0.1000 0 0 0  192.604  1.356  2598
Element: 271 0.0 0.0 0.0 0.0    890M0 -700.0 700.0 -6000.0 0.1000 0 0 0  191.292  1.340  2597
Element: 272 0.0 0.0 0.0 0.0   1051M0 -700.0 700.0 -6000.0 0.1000 0 0 0  189.944  1.378  2055
Element: 273 0.0 0.0 0.0 0.0   1034M0 -700.0 700.0 -6000.0 0.1000 0 0 0  188.580  1.362  2052
Element: 274 0.0 0.0 0.0 0.0   1035M0 -700.0 700.0 -6000.0 0.1000 0 0 0  187.210  1.356  2054
Element: 275 0.0 0.0 0.0 0.0   1050M0 -700.0 700.0 -6000.0 0.1000 0 0 0  185.879  1.340  2053
Element: 276 0.0 0.0 0.0 0.0   1019M0 -700.0 700.0 -6000.0 0.1000 0 0 0  184.520  1.332  2663
Element: 277 0.0 0.0 0.0 0.0   1002M0 -700.0 700.0 -6000.0 0.1000 0 0 0  183.221  1.317  2660
Element: 278 0.0 0.0 0.0 0.0   1003M0 -700.0 700.0 -6000.0 0.1000 0 0 0  181.875  1.312  2662
Element: 279 0.0 0.0 0.0 0.0   1018M0 -700.0 700.0 -6000.0 0.1000 0 0 0  180.608  1.296  2661
Element: 280 0.0 0.0 0.0 0.0   1179M0 -700.0 700.0 -6000.0 0.1000 0 0 0  179.310  1.334  2951
Element: 281 0.0 0.0 0.0 0.0   1162M0 -700.0 700.0 -6000.0 0.1000 0 0 0  177.989  1.318  2948
Element: 282 0.0 0.0 0.0 0.0   1163M0 -700.0 700.0 -6000.0 0.1000 0 0 0  176.665  1.312  2950
Element: 283 0.0 0.0 0.0 0.0   1178M0 -700.0 700.0 -6000.0 0.1000 0 0 0  175.376  1.295  2949
Element: 284 0.0 0.0 0.0 0.0   1147M0 -700.0 700.0 -6000.0 0.1000 0 0 0  174.062  1.290  2919
Element: 285 0.0 0.0 0.0 0.0   1130M0 -700.0 700.0 -6000.0 0.1000 0 0 0  172.808  1.274  2916
Element: 286 0.0 0.0 0.0 0.0   1131M0 -700.0 700.0 -6000.0 0.1000 0 0 0  171.505  1.268  2918
Element: 287 0.0 0.0 0.0 0.0   1146M0 -700.0 700.0 -6000.0 0.1000 0 0 0  170.282  1.253  2917
Element: 288 0.0 0.0 0.0 0.0    861M0 -700.0 700.0 -6000.0 0.1000 0 0 0  169.033  1.290  2091
Element: 289 0.0 0.0 0.0 0.0    844M0 -700.0 700.0 -6000.0 0.1000 0 0 0  167.756  1.274  2088
Element: 290 0.0 0.0 0.0 0.0    845M0 -700.0 700.0 -6000.0 0.1000 0 0 0  166.474  1.268  2090
Element: 291 0.0 0.0 0.0 0.0    860M0 -700.0 700.0 -6000.0 0.1000 0 0 0  165.231  1.252  2089
Element: 292 0.0 0.0 0.0 0.0    829M0 -700.0 700.0 -6000.0 0.1000 0 0 0  163.960  1.247  2891
Element: 293 0.0 0.0 0.0 0.0    812M0 -700.0 700.0 -6000.0 0.1000 0 0 0  162.750  1.230  2888
Element: 294 0.0 0.0 0.0 0.0    813M0 -700.0 700.0 -6000.0 0.1000 0 0 0  161.489  1.225  2890
Element: 295 0.0 0.0 0.0 0.0    828M0 -700.0 700.0 -6000.0 0.1000 0 0 0  160.312  1.208  2889
Element: 296 0.0 0.0 0.0 0.0    989M0 -700.0 700.0 -6000.0 0.1000 0 0 0  159.112  1.247  2379
Element: 297 0.0 0.0 0.0 0.0    972M0 -700.0 700.0 -6000.0 0.1000 0 0 0  157.878  1.229  2376
Element: 298 0.0 0.0 0.0 0.0    973M0 -700.0 700.0 -6000.0 0.1000 0 0 0  156.641  1.224  2378
Element: 299 0.0 0.0 0.0 0.0    988M0 -700.0 700.0 -6000.0 0.1000 0 0 0  155.442  1.208  2377
Element: 300 0.0 0.0 0.0 0.0    957M0 -700.0 700.0 -6000.0 0.1000 0 0 0  154.214  1.202  2027
Element: 301 0.0 0.0 0.0 0.0    940M0 -700.0 700.0 -6000.0 0.1000 0 0 0  153.048  1.186  2024
Element: 302 0.0 0.0 0.0 0.0    941M0 -700.0 700.0 -6000.0 0.1000 0 0 0  151.830  1.182  2026
Element: 303 0.0 0.0 0.0 0.0    956M0 -700.0 700.0 -6000.0 0.1000 0 0 0  150.698  1.164  2025
Element: 304 0.0 0.0 0.0 0.0   1117M0 -700.0 700.0 -6000.0 0.1000 0 0 0  149.546  1.203  2635
Element: 305 0.0 0.0 0.0 0.0   1100M0 -700.0 700.0 -6000.0 0.1000 0 0 0  148.356  1.185  2632
Element: 306 0.0 0.0 0.0 0.0   1101M0 -700.0 700.0 -6000.0 0.1000 0 0 0  147.162  1.180  2634
Element: 307 0.0 0.0 0.0 0.0   1116M0 -700.0 700.0 -6000.0 0.1000 0 0 0  146.008  1.163  2633
Element: 308 0.0 0.0 0.0 0.0   1085M0 -700.0 700.0 -6000.0 0.1000 0 0 0  144.822  1.159  2347
Element: 309 0.0 0.0 0.0 0.0   1068M0 -700.0 700.0 -6000.0 0.1000 0 0 0  143.701  1.142  2344
Element: 310 0.0 0.0 0.0 0.0   1069M0 -700.0 700.0 -6000.0 0.1000 0 0 0  142.525  1.138  2346
Element: 311 0.0 0.0 0.0 0.0   1084M0 -700.0 700.0 -6000.0 0.1000 0 0 0  141.438  1.121  2345
Element: 312 0.0 0.0 0.0 0.0    925M0 -700.0 700.0 -6000.0 0.1000 0 0 0  140.334  1.159  2315
Element: 313 0.0 0.0 0.0 0.0    908M0 -700.0 700.0 -6000.0 0.1000 0 0 0  139.187  1.141  2312
Element: 314 0.0 0.0 0.0 0.0    909M0 -700.0 700.0 -6000.0 0.1000 0 0 0  138.037  1.137  2314
Element: 315 0.0 0.0 0.0 0.0    924M0 -700.0 700.0 -6000.0 0.1000 0 0 0  136.927  1.122  2313
Element: 316 0.0 0.0 0.0 0.0    893M0 -700.0 700.0 -6000.0 0.1000 0 0 0  135.784  1.116  2603
Element: 317 0.0 0.0 0.0 0.0    876M0 -700.0 700.0 -6000.0 0.1000 0 0 0  134.707  1.099  2600
Element: 318 0.0 0.0 0.0 0.0    877M0 -700.0 700.0 -6000.0 0.1000 0 0 0  133.574  1.094  2602
Element: 319 0.0 0.0 0.0 0.0    892M0 -700.0 700.0 -6000.0 0.1000 0 0 0  132.532  1.078  2601
Element: 320 0.0 0.0 0.0 0.0   1053M0 -700.0 700.0 -6000.0 0.1000 0 0 0  131.476  1.116  2059
Element: 321 0.0 0.0 0.0 0.0   1036M0 -700.0 700.0 -6000.0 0.1000 0 0 0  130.373  1.096  2056
Element: 322 0.0 0.0 0.0 0.0   1037M0 -700.0 700.0 -6000.0 0.1000 0 0 0  129.268  1.094  2058
Element: 323 0.0 0.0 0.0 0.0   1052M0 -700.0 700.0 -6000.0 0.1000 0 0 0  128.202  1.076  2057
Element: 324 0.0 0.0 0.0 0.0   1021M0 -700.0 700.0 -6000.0 0.1000 0 0 0  127.103  1.072  2667
Element: 325 0.0 0.0 0.0 0.0   1004M0 -700.0 700.0 -6000.0 0.1000 0 0 0  126.071  1.056  2664
Element: 326 0.0 0.0 0.0 0.0   1005M0 -700.0 700.0 -6000.0 0.1000 0 0 0  124.979  1.052  2666
Element: 327 0.0 0.0 0.0 0.0   1020M0 -700.0 700.0 -6000.0 0.1000 0 0 0  123.982  1.034  2665
##
## Yoke 00
Element: 328 0.0 0.0 0.0 0.0   1149M0 -700.0 700.0 -6000.0 0.1000 0 0 0  122.648  1.091  2923
Element: 329 0.0 0.0 0.0 0.0   1132M0 -700.0 700.0 -6000.0 0.1000 0 0 0  121.539  1.074  2920
Element: 330 0.0 0.0 0.0 0.0   1133M0 -700.0 700.0 -6000.0 0.1000 0 0 0  120.484  1.071  2922
Element: 331 0.0 0.0 0.0 0.0   1148M0 -700.0 700.0 -6000.0 0.1000 0 0 0  119.413  1.052  2921
## Yoke 01
Element: 332 0.0 0.0 0.0 0.0    831M0 -700.0 700.0 -6000.0 0.1000 0 0 0  118.365  1.049  2895
Element: 333 0.0 0.0 0.0 0.0    814M0 -700.0 700.0 -6000.0 0.1000 0 0 0  117.329  1.031  2892
Element: 334 0.0 0.0 0.0 0.0    815M0 -700.0 700.0 -6000.0 0.1000 0 0 0  116.286  1.029  2894
Element: 335 0.0 0.0 0.0 0.0    830M0 -700.0 700.0 -6000.0 0.1000 0 0 0  115.287  1.010  2893
## Yoke 02
Element: 336 0.0 0.0 0.0 0.0    895M0 -700.0 700.0 -6000.0 0.1000 0 0 0  114.266  1.058  2607
Element: 337 0.0 0.0 0.0 0.0    878M0 -700.0 700.0 -6000.0 0.1000 0 0 0  113.190  1.040  2604
Element: 338 0.0 0.0 0.0 0.0    879M0 -700.0 700.0 -6000.0 0.1000 0 0 0  112.169  1.038  2606
Element: 339 0.0 0.0 0.0 0.0    894M0 -700.0 700.0 -6000.0 0.1000 0 0 0  111.132  1.020  2605
## Yoke 03
Element: 340 0.0 0.0 0.0 0.0    958M0 -700.0 700.0 -6000.0 0.1000 0 0 0  110.116  1.016  2031
Element: 341 0.0 0.0 0.0 0.0    942M0 -700.0 700.0 -6000.0 0.1000 0 0 0  109.116  0.997  2028
Element: 342 0.0 0.0 0.0 0.0    943M0 -700.0 700.0 -6000.0 0.1000 0 0 0  108.106  0.995  2030
Element: 343 0.0 0.0 0.0 0.0    958M0 -700.0 700.0 -6000.0 0.1000 0 0 0  107.143  0.977  2029
## Yoke 04
Element: 344 0.0 0.0 0.0 0.0   1023M0 -700.0 700.0 -6000.0 0.1000 0 0 0  106.145  1.032  2671
Element: 345 0.0 0.0 0.0 0.0   1006M0 -700.0 700.0 -6000.0 0.1000 0 0 0  105.093  1.012  2668
Element: 346 0.0 0.0 0.0 0.0   1007M0 -700.0 700.0 -6000.0 0.1000 0 0 0  104.102  1.011  2670
Element: 347 0.0 0.0 0.0 0.0   1022M0 -700.0 700.0 -6000.0 0.1000 0 0 0  103.091  0.990  2669
## Yoke 05
Element: 348 0.0 0.0 0.0 0.0   1087M0 -700.0 700.0 -6000.0 0.1000 0 0 0  102.103  0.990  2351
Element: 349 0.0 0.0 0.0 0.0   1070M0 -700.0 700.0 -6000.0 0.1000 0 0 0  101.131  0.970  2348
Element: 350 0.0 0.0 0.0 0.0   1071M0 -700.0 700.0 -6000.0 0.1000 0 0 0  100.145  0.969  2350
Element: 351 0.0 0.0 0.0 0.0   1086M0 -700.0 700.0 -6000.0 0.1000 0 0 0  99.213   0.948  2349
## Yoke 06
Element: 352 0.0 0.0 0.0 0.0   1151M0 -700.0 700.0 -6000.0 0.1000 0 0 0  98.291   0.892  2927
Element: 353 0.0 0.0 0.0 0.0   1134M0 -700.0 700.0 -6000.0 0.1000 0 0 0  97.383   0.875  2924
Element: 354 0.0 0.0 0.0 0.0   1135M0 -700.0 700.0 -6000.0 0.1000 0 0 0  96.525   0.873  2926
Element: 355 0.0 0.0 0.0 0.0   1150M0 -700.0 700.0 -6000.0 0.1000 0 0 0  95.652   0.856  2925
## Yoke 07
Element: 356 0.0 0.0 0.0 0.0   1181M0 -700.0 700.0 -6000.0 0.1000 0 0 0  94.797   0.855  2955
Element: 357 0.0 0.0 0.0 0.0   1164M0 -700.0 700.0 -6000.0 0.1000 0 0 0  93.958   0.839  2952
Element: 358 0.0 0.0 0.0 0.0   1165M0 -700.0 700.0 -6000.0 0.1000 0 0 0  93.104   0.836  2954
Element: 359 0.0 0.0 0.0 0.0   1180M0 -700.0 700.0 -6000.0 0.1000 0 0 0  92.299   0.820  2953
## Yoke 08
Element: 360 0.0 0.0 0.0 0.0    863M0 -700.0 700.0 -6000.0 0.1000 0 0 0  91.437   0.903  2095
Element: 361 0.0 0.0 0.0 0.0    846M0 -700.0 700.0 -6000.0 0.1000 0 0 0  90.515   0.884  2092
Element: 362 0.0 0.0 0.0 0.0    847M0 -700.0 700.0 -6000.0 0.1000 0 0 0  89.651   0.885  2094
Element: 363 0.0 0.0 0.0 0.0    862M0 -700.0 700.0 -6000.0 0.1000 0 0 0  88.765   0.865  2093
## Yoke 09
Element: 364 0.0 0.0 0.0 0.0    991M0 -700.0 700.0 -6000.0 0.1000 0 0 0  87.901   0.866  2383
Element: 365 0.0 0.0 0.0 0.0    974M0 -700.0 700.0 -6000.0 0.1000 0 0 0  87.054   0.847  2380
Element: 366 0.0 0.0 0.0 0.0    975M0 -700.0 700.0 -6000.0 0.1000 0 0 0  86.191   0.845  2382
Element: 367 0.0 0.0 0.0 0.0    990M0 -700.0 700.0 -6000.0 0.1000 0 0 0  85.382   0.827  2381
##
##
Initialise: 
Display: 1D Nhits       200 0 200
Display: 1D NhitsPrompt 32 0 32
Display: 1D NhitsRand   32 0 32
Display: 1D Hits        368 0 368
Display: 1D HitsPrompt  368 0 368
Display: 1D HitsRand    368 0 368
Display: 1D TimeOR     1200 -450.0 750.0
Display: 1D TimeAll    1200 -450.0 750.0
#Display: 1D Time  400 -200.0 200.0   0 368
Display: 1D Eelect   1000 0 1000.0
Display: 1D ScalerCurr 368 0 368
Display: 1D ScalerAcc  368 0 368
Display: 1D Doubles  	368 0 368
Display: 1D NDoubles  	64 0 64
#Display: 2D TimeOR   200 -200.0 200.0 -1 Hits 368 0 368 -1
#Display: 2D TimeOR   200 -200.0 200.0 -1 Doubles 368 0 368 -1
Display: 2D TimeOR   600 -450.0 750.0 -1 Hits 368 0 368 -1
Display: 2D TimeOR   600 -450.0 750.0 -1 Doubles 368 0 368 -1
Display: 2D TimeAll  600 -450.0 750.0 -1 Hits 368 0 368 -1
